Time, Count
0, 0
4, 0
8, 0
11, -1
15, -1
17, -1
21, -1
24, -1
26, -1
29, -2
31, -2
32, -2
36, -2
37, -2
39, -3
42, -3
43, -3
45, -3
47, -3
49, -3
52, -4
55, -4
57, -4
58, -5
60, -5
63, -5
64, -5
66, -5
68, -6
71, -6
73, -7
75, -7
78, -7
79, -7
81, -7
83, -8
86, -8
87, -8
89, -9
91, -9
94, -9
96, -10
99, -10
100, -10
102, -10
104, -11
107, -11
109, -11
110, -12
113, -12
114, -12
116, -13
119, -13
120, -13
122, -13
124, -14
127, -14
129, -15
130, -15
133, -15
134, -15
136, -16
138, -16
141, -16
142, -17
144, -17
146, -17
149, -18
150, -18
152, -18
154, -19
157, -19
159, -19
160, -19
162, -20
165, -20
166, -21
168, -21
171, -21
172, -21
174, -22
177, -22
178, -23
180, -23
183, -23
186, -24
188, -24
191, -25
192, -25
195, -25
197, -25
199, -26
202, -26
203, -27
205, -27
207, -27
209, -27
211, -28
214, -28
215, -29
217, -29
219, -29
222, -30
223, -30
225, -30
228, -31
229, -31
231, -31
234, -31
235, -32
237, -32
239, -32
242, -33
243, -33
245, -33
247, -34
250, -34
251, -34
254, -35
255, -35
257, -35
260, -36
261, -36
263, -36
266, -37
267, -37
269, -37
271, -37
274, -38
277, -38
279, -39
280, -39
282, -39
284, -40
286, -40
288, -40
290, -41
293, -41
297, -42
300, -42
301, -43
303, -43
305, -43
308, -43
309, -44
311, -44
314, -45
316, -45
318, -45
321, -46
322, -46
324, -46
326, -47
328, -47
330, -47
335, -48
338, -49
340, -49
341, -49
343, -49
356, -52
358, -52
360, -52
362, -53
364, -53
366, -53
372, -54
373, -55
375, -55
378, -55
379, -55
381, -56
383, -56
386, -57
387, -57
389, -57
391, -57
394, -58
395, -58
397, -58
399, -59
402, -59
404, -59
405, -59
407, -60
410, -60
411, -61
413, -61
416, -61
417, -61
419, -62
422, -62
423, -62
425, -63
427, -63
429, -63
432, -64
433, -64
436, -65
439, -65
440, -65
442, -65
444, -66
447, -66
448, -67
450, -67
452, -67
454, -68
456, -68
458, -68
461, -69
462, -69
464, -69
466, -70
469, -70
470, -70
472, -70
474, -71
476, -71
479, -71
480, -72
482, -72
484, -72
487, -73
488, -73
490, -73
492, -74
495, -74
498, -75
501, -75
503, -75
504, -76
506, -76
509, -76
510, -77
512, -77
514, -77
520, -78
521, -78
523, -79
525, -79
528, -79
529, -80
531, -80
537, -81
538, -81
540, -81
542, -82
545, -82
546, -82
548, -83
550, -83
553, -83
556, -84
558, -84
559, -84
561, -85
565, -85
567, -85
568, -86
570, -86
572, -86
575, -87
577, -87
578, -87
580, -88
582, -88
584, -88
586, -89
588, -89
591, -89
592, -90
594, -90
597, -90
599, -91
602, -91
603, -91
605, -92
607, -92
609, -92
613, -93
614, -93
616, -93
619, -94
620, -94
622, -95
624, -95
627, -95
628, -95
630, -96
632, -96
635, -97
636, -97
639, -97
641, -97
642, -98
644, -98
646, -98
648, -99
650, -99
653, -99
654, -100
656, -100
659, -100
661, -101
662, -101
664, -101
667, -102
668, -102
670, -102
672, -103
675, -103
676, -103
681, -104
682, -104
684, -105
687, -105
688, -105
690, -105
692, -106
695, -106
699, -107
701, -107
704, -107
705, -108
707, -108
710, -108
711, -109
713, -109
715, -109
718, -110
720, -110
723, -111
724, -111
726, -111
729, -111
731, -112
732, -112
734, -112
737, -113
738, -113
741, -113
742, -114
744, -114
746, -114
749, -115
750, -115
752, -115
755, -116
757, -116
758, -116
760, -117
763, -117
764, -117
767, -118
768, -118
770, -118
772, -119
775, -119
777, -119
779, -120
780, -120
782, -120
784, -121
786, -121
788, -121
790, -121
792, -122
794, -122
797, -123
798, -123
801, -123
802, -123
804, -124
806, -124
809, -125
811, -125
812, -125
814, -125
817, -126
818, -126
820, -126
822, -127
825, -127
826, -127
828, -128
831, -128
832, -128
834, -129
837, -129
838, -129
840, -129
842, -130
845, -130
846, -130
851, -131
852, -131
854, -132
856, -132
859, -133
861, -133
864, -133
865, -133
870, -134
873, -135
875, -135
876, -135
878, -135
881, -136
883, -136
884, -137
886, -137
888, -137
891, -138
892, -138
894, -138
896, -139
899, -139
902, -139
903, -140
905, -140
907, -140
910, -141
911, -141
913, -141
915, -142
918, -142
920, -143
921, -143
923, -143
925, -143
928, -144
929, -144
931, -144
934, -145
935, -145
937, -145
940, -146
941, -146
943, -146
946, -147
947, -147
949, -147
951, -147
954, -148
955, -148
957, -149
960, -149
961, -149
963, -149
965, -150
968, -150
969, -150
971, -151
973, -151
976, -151
977, -152
979, -152
981, -152
984, -153
985, -153
987, -153
989, -154
991, -154
993, -154
995, -155
997, -155
1001, -155
1002, -156
1007, -156
1008, -157
1010, -157
1013, -157
1014, -157
1016, -158
1018, -158
1021, -159
1023, -159
1024, -159
1026, -159
1029, -160
1030, -160
1032, -160
1034, -161
1036, -161
1038, -161
1041, -162
1042, -162
1044, -162
1047, -163
1052, -164
1055, -164
1056, -164
1058, -165
1061, -165
1062, -165
1064, -166
1066, -166
1068, -166
1070, -167
1073, -167
1074, -167
1076, -168
1078, -168
1081, -168
1082, -169
1084, -169
1086, -169
1089, -170
1090, -170
1092, -170
1094, -171
1096, -171
1098, -171
1100, -171
1102, -172
1105, -172
1106, -173
1108, -173
1111, -173
1113, -173
1115, -174
1116, -174
1120, -175
1123, -175
1124, -175
1126, -175
1128, -176
1131, -176
1132, -177
1134, -177
1136, -177
1139, -177
1140, -178
1143, -178
1144, -178
1146, -179
1148, -179
1151, -179
1153, -180
1155, -180
1157, -180
1159, -181
1161, -181
1163, -181
1165, -182
1167, -182
1169, -182
1171, -183
1173, -183
1175, -183
1177, -183
1180, -184
1181, -184
1183, -185
1185, -185
1188, -185
1189, -185
1191, -186
1193, -186
1195, -186
1198, -187
1199, -187
1202, -187
1204, -188
1207, -188
1208, -189
1210, -189
1213, -189
1214, -189
1216, -190
1218, -190
1221, -191
1222, -191
1224, -191
1226, -191
1229, -192
1231, -192
1233, -193
1236, -193
1237, -193
1239, -193
1245, -195
1247, -195
1253, -196
1255, -196
1258, -197
1259, -197
1261, -197
1264, -197
1265, -198
1267, -198
1270, -198
1272, -199
1274, -199
1277, -199
1278, -200
1280, -200
1283, -200
1284, -201
1286, -201
1288, -201
1291, -202
1292, -202
1294, -202
1296, -203
1298, -203
1300, -203
1302, -203
1304, -204
1306, -204
1309, -204
1310, -205
1312, -205
1314, -205
1316, -205
1319, -206
1321, -206
1324, -207
1325, -207
1327, -207
1329, -207
1331, -208
1335, -209
1338, -209
1339, -209
1341, -209
1343, -210
1346, -210
1347, -210
1349, -211
1351, -211
1354, -211
1355, -212
1357, -212
1367, -214
1369, -214
1372, -215
1374, -215
1377, -215
1379, -216
1380, -216
1382, -216
1385, -217
1387, -217
1389, -217
1391, -218
1394, -218
1396, -219
1398, -219
1405, -220
1407, -220
1410, -221
1412, -221
1414, -221
1416, -222
1419, -222
1421, -222
1422, -223
1424, -223
1426, -223
1429, -224
1431, -224
1432, -224
1438, -225
1441, -225
1443, -226
1446, -226
1448, -227
1450, -227
1452, -227
1455, -228
1457, -228
1458, -228
1460, -229
1462, -229
1465, -229
1467, -230
1470, -230
1472, -230
1474, -231
1476, -231
1479, -231
1481, -232
1483, -232
1485, -233
1488, -233
1490, -233
1491, -233
1494, -234
1496, -234
1498, -235
1501, -235
1502, -235
1504, -236
1506, -236
1509, -237
1510, -237
1512, -237
1514, -237
1516, -238
1519, -238
1520, -238
1522, -239
1526, -239
1527, -239
1529, -240
1531, -240
1534, -241
1535, -241
1538, -241
1539, -241
1541, -242
1544, -242
1546, -243
1547, -243
1549, -243
1551, -243
1555, -244
1558, -245
1562, -245
1566, -246
1567, -246
1569, -246
1571, -247
1574, -247
1576, -247
1577, -247
1579, -248
1582, -248
1584, -249
1586, -249
1587, -249
1589, -249
1592, -250
1594, -250
1596, -251
1598, -251
1601, -251
1603, -251
1610, -253
1612, -253
1613, -253
1616, -253
1617, -254
1619, -254
1621, -255
1624, -255
1625, -255
1627, -255
1630, -256
1632, -256
1634, -257
1636, -257
1639, -257
1640, -257
1642, -258
1645, -258
1648, -259
1650, -259
1652, -259
1654, -260
1657, -260
1659, -261
1661, -261
1663, -261
1666, -262
1668, -262
1669, -262
1671, -263
1674, -263
1676, -263
1678, -264
1681, -264
1683, -265
1684, -265
1687, -265
1694, -266
1696, -267
1697, -267
1699, -267
1702, -267
1706, -268
1708, -269
1709, -269
1711, -269
1714, -269
1715, -270
1717, -270
1719, -270
1722, -271
1723, -271
1725, -271
1727, -271
1729, -272
1732, -272
1734, -273
1735, -273
1737, -273
1739, -273
1742, -274
1744, -274
1747, -275
1749, -275
1752, -275
1754, -276
1756, -276
1759, -276
1761, -277
1762, -277
1764, -277
1767, -278
1768, -278
1770, -278
1772, -279
1775, -279
1777, -279
1780, -280
1785, -281
1786, -281
1788, -281
1791, -281
1793, -282
1795, -282
1797, -283
1800, -283
1802, -283
1805, -284
1807, -284
1810, -285
1812, -285
1814, -285
1816, -285
1819, -286
1821, -286
1822, -286
1824, -287
1827, -287
1829, -288
1831, -288
1834, -288
1836, -289
1837, -289
1839, -289
1844, -290
1846, -290
1848, -291
1849, -291
1851, -291
1853, -291
1856, -292
1858, -292
1859, -292
1861, -293
1863, -293
1866, -293
1868, -294
1870, -294
1872, -295
1875, -295
1876, -295
1878, -295
1880, -296
1883, -296
1885, -296
1887, -297
1889, -297
1892, -297
1894, -298
1895, -298
1903, -299
1904, -299
1906, -300
1908, -300
1911, -300
1912, -301
1914, -301
1917, -301
1918, -301
1920, -302
1922, -302
1925, -303
1926, -303
1929, -303
1930, -303
1932, -304
1934, -304
1936, -304
1938, -305
1940, -305
1943, -305
1944, -306
1946, -306
1948, -306
1951, -307
1953, -307
1954, -307
1956, -308
1959, -308
1960, -308
1962, -309
1964, -309
1966, -309
1969, -310
1970, -310
1972, -310
1974, -311
1977, -311
1978, -311
1980, -311
1983, -312
1984, -312
1986, -312
1989, -313
1991, -313
1994, -313
1995, -314
1997, -314
2002, -315
2003, -315
2005, -315
2008, -316
2009, -316
2011, -316
2013, -317
2015, -317
2018, -317
2019, -318
2021, -318
2023, -318
2026, -319
2028, -319
2030, -319
2033, -320
2034, -320
2036, -320
2038, -321
2040, -321
2042, -321
2044, -322
2046, -322
2048, -322
2051, -323
2052, -323
2054, -323
2056, -323
2058, -324
2060, -324
2062, -324
2064, -325
2066, -325
2068, -325
2070, -326
2072, -326
2074, -326
2077, -327
2078, -327
2080, -327
2082, -328
2084, -328
2086, -328
2089, -329
2090, -329
2092, -329
2094, -329
2096, -330
2101, -331
2103, -331
2105, -331
2107, -331
2110, -332
2112, -333
2115, -333
2117, -333
2118, -333
2121, -334
2122, -334
2124, -334
2126, -335
2129, -335
2131, -335
2134, -336
2135, -336
2137, -337
2140, -337
2142, -337
2143, -337
2145, -338
2148, -338
2150, -339
2153, -339
2155, -339
2156, -339
2158, -340
2160, -340
2163, -341
2164, -341
2166, -341
2168, -341
2170, -342
2173, -342
2174, -342
2176, -343
2179, -343
2180, -343
2182, -344
2184, -344
2187, -344
2188, -345
2191, -345
2192, -345
2195, -346
2198, -346
2199, -346
2201, -347
2203, -347
2205, -347
2208, -348
2209, -348
2212, -348
2213, -349
2216, -349
2217, -349
2219, -349
2221, -350
2223, -350
2225, -350
2227, -351
2230, -351
2231, -351
2235, -352
2237, -352
2240, -353
2241, -353
2243, -353
2245, -354
2247, -354
2250, -354
2251, -355
2253, -355
2255, -355
2258, -356
2260, -356
2261, -356
2263, -357
2265, -357
2268, -357
2269, -358
2271, -358
2273, -358
2275, -359
2277, -359
2279, -359
2281, -359
2284, -360
2285, -360
2287, -360
2289, -361
2291, -361
2294, -361
2295, -362
2297, -362
2299, -362
2302, -363
2303, -363
2305, -363
2310, -364
2313, -365
2314, -365
2316, -365
2318, -365
2321, -366
2322, -366
2324, -366
2326, -367
2328, -367
2331, -367
2332, -368
2334, -368
2336, -368
2338, -369
2340, -369
2342, -369
2344, -369
2346, -370
2349, -370
2350, -370
2352, -371
2354, -371
2356, -371
2365, -373
2368, -373
2371, -374
2373, -374
2376, -374
2377, -375
2379, -375
2382, -375
2384, -376
2385, -376
2387, -376
2390, -377
2392, -377
2393, -377
2395, -377
2398, -378
2399, -378
2402, -379
2404, -379
2407, -379
2408, -379
2411, -380
2414, -381
2415, -381
2417, -381
2419, -381
2421, -382
2423, -382
2425, -382
2427, -383
2430, -383
2431, -383
2435, -384
2438, -384
2439, -385
2441, -385
2443, -385
2445, -385
2447, -386
2449, -386
2452, -387
2453, -387
2455, -387
2457, -387
2460, -388
2461, -388
2463, -388
2466, -389
2467, -389
2469, -389
2472, -390
2473, -390
2475, -390
2481, -391
2483, -391
2486, -392
2487, -392
2489, -392
2492, -393
2493, -393
2495, -393
2498, -394
2500, -394
2501, -394
2503, -395
2505, -395
2508, -395
2509, -395
2511, -396
2513, -396
2516, -396
2517, -397
2520, -397
2523, -397
2525, -398
2526, -398
2528, -398
2531, -399
2532, -399
2534, -399
2537, -400
2540, -400
2542, -401
2543, -401
2546, -401
2547, -401
2549, -402
2552, -402
2555, -403
2556, -403
2558, -403
2560, -403
2563, -404
2565, -404
2566, -404
2568, -405
2570, -405
2573, -405
2574, -406
2576, -406
2578, -406
2580, -407
2583, -407
2584, -407
2586, -408
2588, -408
2590, -408
2593, -409
2594, -409
2596, -409
2598, -409
2600, -410
2602, -410
2604, -411
2606, -411
2609, -411
2610, -411
2613, -412
2614, -412
2616, -412
2619, -413
2620, -413
2622, -413
2624, -414
2627, -414
2629, -414
2630, -415
2633, -415
2634, -415
2636, -415
2638, -416
2641, -416
2642, -416
2644, -417
2648, -417
2650, -418
2652, -418
2654, -418
2657, -419
2658, -419
2660, -419
2663, -420
2664, -420
2669, -421
2671, -421
2674, -421
2676, -422
2679, -422
2680, -422
2682, -423
2684, -423
2687, -423
2689, -424
2690, -424
2692, -424
2695, -425
2697, -425
2698, -425
2700, -425
2703, -426
2704, -426
2706, -427
2708, -427
2710, -427
2714, -428
2715, -428
2717, -428
2719, -429
2722, -429
2723, -429
2725, -430
2727, -430
2729, -430
2732, -431
2734, -431
2735, -431
2737, -431
2739, -432
2742, -432
2743, -433
2745, -433
2747, -433
2750, -433
2752, -434
2753, -434
2756, -435
2758, -435
2759, -435
2761, -435
2763, -436
2765, -436
2768, -437
2769, -437
2771, -437
2774, -437
2775, -438
2779, -438
2780, -438
2782, -439
2787, -439
2789, -440
2790, -440
2792, -440
2795, -441
2796, -441
2798, -441
2800, -441
2803, -442
2804, -442
2806, -442
2808, -443
2811, -443
2813, -443
2814, -444
2817, -444
2818, -444
2820, -445
2822, -445
2824, -445
2827, -446
2829, -446
2830, -446
2836, -447
2838, -447
2839, -448
2841, -448
2843, -448
2846, -449
2847, -449
2849, -449
2851, -450
2857, -451
2858, -451
2860, -451
2863, -451
2864, -452
2866, -452
2868, -452
2870, -453
2873, -453
2874, -453
2876, -454
2878, -454
2880, -454
2883, -455
2885, -455
2886, -455
2888, -456
2891, -456
2893, -457
2894, -457
2896, -457
2898, -457
2900, -457
2902, -458
2905, -458
2906, -459
2908, -459
2910, -459
2913, -459
2915, -460
2916, -460
2918, -460
2920, -461
2923, -461
2924, -461
2926, -462
2928, -462
2930, -462
2933, -463
2934, -463
2936, -463
2938, -463
2941, -464
2942, -464
2944, -465
2946, -465
2948, -465
2951, -465
2952, -466
2954, -466
2957, -466
2958, -467
2960, -467
2962, -467
2964, -468
2967, -468
2968, -468
2970, -468
2972, -469
2974, -469
2977, -469
2978, -470
2980, -470
2982, -470
2985, -471
2986, -471
2988, -471
2990, -472
2993, -472
2994, -472
2997, -473
2999, -473
3000, -473
3002, -473
3005, -474
3006, -474
3008, -475
3010, -475
3013, -475
3014, -475
3017, -476
3020, -476
3021, -477
3025, -477
3028, -478
3029, -478
3031, -478
3033, -479
3036, -479
3037, -479
3039, -479
3041, -480
3044, -480
3047, -481
3048, -481
3050, -481
3053, -482
3055, -482
3057, -482
3059, -483
3062, -483
3063, -483
3065, -483
3067, -484
3070, -484
3071, -484
3073, -485
3075, -485
3077, -485
3080, -486
3081, -486
3083, -486
3085, -487
3088, -487
3089, -487
3091, -487
3093, -488
3095, -488
3098, -489
3099, -489
3101, -489
3103, -489
3106, -490
3107, -490
3109, -490
3111, -491
3113, -491
3115, -491
3117, -491
3119, -492
3121, -492
3124, -493
3125, -493
3127, -493
3129, -493
3131, -494
3134, -494
3135, -494
3138, -495
3140, -495
3143, -495
3144, -496
3146, -496
3148, -496
3150, -497
3153, -497
3155, -497
3156, -498
3158, -498
3161, -498
3163, -499
3165, -499
3167, -499
3169, -500
3171, -500
3173, -501
3175, -501
3178, -501
3179, -501
3181, -502
3184, -502
3185, -502
3187, -503
3189, -503
3192, -503
3193, -504
3195, -504
3197, -504
3200, -505
3201, -505
3203, -505
3215, -507
3217, -507
3220, -508
3221, -508
3223, -508
3225, -509
3228, -509
3229, -509
3233, -510
3235, -510
3238, -511
3240, -511
3241, -511
3243, -511
3245, -512
3247, -512
3249, -512
3251, -513
3254, -513
3255, -513
3257, -513
3260, -514
3262, -514
3263, -515
3265, -515
3268, -515
3271, -516
3273, -516
3274, -516
3276, -517
3279, -517
3280, -517
3282, -517
3284, -518
3287, -518
3289, -519
3290, -519
3292, -519
3295, -519
3297, -520
3299, -520
3302, -520
3303, -521
3305, -521
3307, -521
3310, -522
3312, -522
3313, -522
3315, -523
3318, -523
3319, -523
3321, -524
3324, -524
3325, -524
3327, -525
3329, -525
3331, -525
3334, -525
3335, -526
3337, -526
3339, -527
3342, -527
3343, -527
3345, -527
3348, -528
3349, -528
3351, -529
3353, -529
3356, -529
3358, -529
3360, -530
3362, -530
3365, -531
3366, -531
3368, -531
3379, -533
3382, -533
3383, -533
3385, -534
3387, -534
3390, -535
3391, -535
3393, -535
3395, -535
3399, -536
3401, -536
3403, -537
3406, -537
3407, -537
3409, -537
3411, -538
3414, -538
3415, -538
3417, -539
3420, -539
3422, -540
3425, -540
3427, -540
3430, -541
3431, -541
3433, -541
3435, -542
3438, -542
3440, -542
3441, -543
3443, -543
3446, -543
3447, -543
3449, -544
3451, -544
3453, -545
3456, -545
3457, -545
3460, -545
3462, -546
3465, -546
3466, -547
3468, -547
3470, -547
3472, -547
3475, -548
3477, -548
3478, -549
3480, -549
3483, -549
3484, -550
3486, -550
3488, -550
3490, -551
3493, -551
3494, -551
3496, -551
3498, -552
3500, -552
3503, -553
3504, -553
3506, -553
3508, -553
3511, -554
3513, -554
3514, -554
3516, -555
3518, -555
3522, -555
3523, -556
3525, -556
3527, -556
3529, -557
3532, -557
3533, -557
3536, -558
3537, -558
3539, -558
3541, -559
3544, -559
3545, -559
3547, -560
3549, -560
3552, -560
3553, -560
3555, -561
3557, -561
3560, -561
3562, -562
3563, -562
3566, -563
3567, -563
3569, -563
3572, -563
3573, -563
3576, -564
3577, -564
3579, -565
3582, -565
3583, -565
3585, -565
3587, -566
3590, -566
3591, -566
3595, -567
3597, -567
3599, -567
3602, -568
3604, -568
3607, -569
3608, -569
3610, -569
3612, -570
3615, -570
3619, -571
3620, -571
3622, -571
3625, -572
3627, -572
3628, -572
3630, -573
3633, -573
3634, -573
3636, -573
3638, -574
3640, -574
3642, -575
3644, -575
3646, -575
3648, -575
3651, -576
3652, -576
3654, -576
3656, -577
3659, -577
3660, -577
3662, -578
3664, -578
3666, -578
3669, -579
3671, -579
3672, -579
3674, -580
3677, -580
3678, -580
3680, -581
3682, -581
3684, -581
3687, -581
3688, -582
3690, -582
3692, -582
3695, -583
3696, -583
3698, -583
3700, -584
3702, -584
3705, -584
3706, -585
3708, -585
3710, -585
3713, -585
3714, -586
3716, -586
3718, -586
3721, -587
3722, -587
3724, -587
3727, -588
3728, -588
3730, -588
3732, -589
3735, -589
3737, -589
3738, -589
3740, -590
3743, -590
3744, -590
3746, -591
3748, -591
3751, -591
3752, -592
3754, -592
3756, -592
3759, -593
3760, -593
3762, -593
3764, -593
3768, -594
3770, -594
3774, -595
3776, -595
3777, -595
3779, -596
3782, -596
3787, -597
3789, -597
3791, -598
3794, -598
3796, -599
3798, -599
3800, -599
3802, -599
3804, -600
3806, -600
3809, -601
3810, -601
3812, -601
3814, -601
3817, -602
3818, -602
3820, -602
3822, -603
3824, -603
3827, -603
3828, -604
3830, -604
3832, -604
3835, -605
3836, -605
3838, -605
3840, -605
3842, -606
3844, -606
3847, -607
3848, -607
3850, -607
3852, -607
3855, -608
3856, -608
3858, -608
3860, -609
3862, -609
3865, -609
3867, -610
3868, -610
3870, -610
3873, -610
3874, -611
3876, -611
3878, -611
3881, -612
3883, -612
3884, -612
3886, -613
3888, -613
3891, -613
3893, -613
3894, -614
3896, -614
3899, -615
3900, -615
3903, -615
3904, -615
3906, -616
3908, -616
3910, -616
3912, -617
3915, -617
3916, -617
3918, -617
3920, -618
3923, -618
3924, -618
3926, -619
3928, -619
3931, -619
3933, -620
3934, -620
3936, -621
3939, -621
3940, -621
3943, -621
3944, -622
3946, -622
3949, -622
3950, -623
3953, -623
3955, -623
3958, -624
3959, -624
3961, -624
3963, -625
3966, -625
3967, -625
3969, -626
3973, -626
3974, -627
3976, -627
3978, -627
3981, -627
3982, -628
3984, -628
3988, -629
3990, -629
3991, -629
3994, -630
3996, -630
3998, -630
4000, -631
4002, -631
4005, -631
4006, -631
4008, -632
4010, -632
4013, -633
4014, -633
4016, -633
4018, -633
4021, -634
4022, -634
4025, -634
4026, -635
4028, -635
4030, -635
4033, -636
4034, -636
4036, -636
4038, -637
4041, -637
4043, -637
4044, -637
4046, -638
4048, -638
4051, -638
4053, -639
4054, -639
4056, -639
4059, -640
4061, -640
4062, -640
4065, -641
4066, -641
4068, -641
4070, -641
4073, -642
4074, -642
4076, -643
4078, -643
4081, -643
4082, -643
4085, -644
4087, -644
4090, -645
4091, -645
4093, -645
4095, -646
4098, -646
4099, -646
4101, -647
4103, -647
4105, -647
4107, -647
4109, -648
4112, -648
4113, -648
4115, -649
4117, -649
4120, -649
4122, -650
4123, -650
4125, -650
4127, -651
4130, -651
4131, -651
4133, -652
4135, -652
4138, -653
4139, -653
4141, -653
4143, -653
4146, -654
4148, -654
4150, -654
4152, -655
4155, -655
4156, -655
4158, -655
4160, -656
4163, -656
4164, -657
4171, -658
4174, -658
4175, -658
4177, -658
4179, -659
4181, -659
4184, -660
4189, -660
4191, -661
4194, -661
4195, -661
4197, -662
4199, -662
4202, -662
4204, -663
4205, -663
4207, -663
4210, -664
4211, -664
4213, -664
4215, -665
4218, -665
4220, -665
4221, -665
4223, -666
4226, -666
4227, -666
4229, -667
4231, -667
4233, -667
4235, -668
4237, -668
4240, -668
4241, -669
4243, -669
4246, -669
4247, -670
4249, -670
4251, -670
4254, -671
4256, -671
4257, -671
4259, -671
4261, -672
4264, -672
4265, -673
4267, -673
4270, -673
4272, -673
4273, -674
4275, -674
4278, -675
4279, -675
4281, -675
4283, -675
4285, -676
4287, -676
4289, -676
4291, -677
4293, -677
4296, -677
4297, -678
4299, -678
4301, -678
4303, -679
4305, -679
4307, -679
4310, -679
4311, -680
4313, -680
4315, -680
4318, -681
4319, -681
4321, -681
4323, -682
4326, -682
4327, -682
4329, -683
4331, -683
4333, -683
4336, -683
4338, -684
4341, -684
4342, -685
4344, -685
4347, -685
4348, -685
4350, -686
4352, -686
4357, -687
4359, -687
4362, -687
4363, -688
4366, -688
4367, -688
4375, -689
4376, -690
4379, -690
4381, -691
4384, -691
4385, -691
4387, -691
4389, -692
4392, -692
4393, -693
4395, -693
4397, -693
4399, -693
4402, -694
4403, -694
4405, -694
4407, -695
4410, -695
4411, -695
4413, -696
4415, -696
4418, -696
4419, -697
4421, -697
4423, -697
4426, -698
4428, -698
4431, -698
4433, -699
4434, -699
4436, -699
4439, -700
4440, -700
4442, -700
4444, -701
4446, -701
4449, -701
4450, -701
4452, -702
4454, -702
4457, -703
4458, -703
4460, -703
4462, -703
4465, -704
4466, -704
4468, -704
4471, -705
4472, -705
4474, -705
4476, -705
4478, -706
4480, -706
4482, -706
4484, -707
4486, -707
4488, -707
4490, -707
4492, -708
4495, -708
4496, -709
4498, -709
4500, -709
4503, -709
4504, -710
4506, -710
4509, -710
4511, -711
4512, -711
4514, -711
4516, -712
4519, -712
4520, -712
4522, -713
4525, -713
4528, -713
4531, -714
4532, -714
4534, -714
4537, -715
4540, -715
4541, -715
4543, -716
4548, -717
4550, -717
4553, -717
4554, -717
4556, -718
4558, -718
4560, -719
4563, -719
4568, -720
4569, -720
4571, -720
4574, -721
4575, -721
4577, -721
4579, -722
4582, -722
4584, -722
4585, -723
4587, -723
4589, -723
4591, -723
4593, -724
4595, -724
4597, -725
4600, -725
4601, -725
4603, -725
4605, -726
4607, -726
4609, -726
4611, -727
4613, -727
4615, -727
4618, -728
4620, -728
4621, -728
4623, -729
4625, -729
4627, -729
4629, -729
4632, -730
4633, -730
4635, -730
4637, -731
4639, -731
4642, -731
4644, -732
4645, -732
4647, -732
4650, -733
4651, -733
4653, -733
4655, -733
4658, -734
4659, -734
4661, -735
4663, -735
4665, -735
4668, -735
4669, -736
4671, -736
4673, -736
4675, -737
4677, -737
4679, -737
4681, -738
4683, -738
4686, -738
4687, -739
4689, -739
4691, -739
4694, -740
4695, -740
4697, -740
4699, -741
4702, -741
4703, -741
4705, -742
4708, -742
4709, -742
4711, -743
4714, -743
4716, -743
4722, -744
4725, -745
4726, -745
4729, -745
4734, -746
4735, -746
4737, -747
4739, -747
4742, -747
4743, -747
4745, -748
4747, -748
4749, -749
4752, -749
4754, -749
4756, -750
4758, -750
4761, -750
4763, -751
4764, -751
4766, -751
4770, -752
4773, -752
4774, -752
4777, -753
4778, -753
4780, -753
4782, -754
4785, -754
4788, -755
4791, -755
4793, -755
4794, -755
4796, -756
4799, -756
4800, -756
4802, -757
4804, -757
4806, -757
4809, -758
4810, -758
4812, -758
4814, -759
4817, -759
4818, -759
4820, -759
4822, -760
4824, -760
4826, -761
4828, -761
4830, -761
4833, -761
4834, -762
4836, -762
4838, -762
4840, -763
4842, -763
4844, -763
4846, -764
4848, -764
4850, -764
4852, -765
4854, -765
4856, -765
4859, -766
4860, -766
4862, -766
4864, -767
4867, -767
4868, -767
4870, -768
4872, -768
4875, -768
4876, -769
4878, -769
4880, -769
4883, -769
4884, -770
4886, -770
4888, -770
4890, -771
4893, -771
4894, -771
4896, -772
4898, -772
4901, -773
4902, -773
4904, -773
4906, -773
4909, -774
4911, -774
4917, -775
4920, -775
4921, -776
4923, -776
4925, -776
4927, -777
4929, -777
4931, -777
4933, -777
4935, -778
4938, -778
4939, -778
4941, -779
4943, -779
4946, -779
4949, -780
4951, -780
4954, -781
4955, -781
4957, -781
4959, -781
4962, -782
4963, -782
4965, -782
4967, -783
4969, -783
4971, -783
4973, -784
4975, -784
4978, -784
4979, -785
4981, -785
4983, -785
4986, -786
4987, -786
4989, -786
4991, -787
4993, -787
4995, -787
4998, -787
4999, -788
5001, -788
