Time, Count
0, 0
3, 0
6, 0
8, 0
11, 0
13, 0
16, 0
19, 0
23, -1
25, -1
28, -2
29, -2
31, -2
36, -3
39, -3
42, -4
44, -4
47, -4
48, -5
50, -5
52, -6
55, -6
56, -6
58, -7
60, -7
63, -8
64, -8
69, -9
72, -10
73, -10
75, -11
78, -11
80, -12
81, -12
83, -13
85, -13
88, -14
90, -15
93, -15
94, -16
96, -16
98, -17
101, -17
103, -18
104, -18
107, -19
109, -20
112, -20
113, -21
115, -21
117, -22
120, -23
121, -23
123, -24
125, -24
130, -25
132, -26
133, -26
135, -27
137, -28
140, -28
141, -29
143, -30
145, -30
147, -31
150, -32
152, -32
153, -32
155, -33
158, -34
160, -35
161, -35
163, -36
166, -36
168, -37
169, -37
171, -38
174, -39
176, -39
177, -40
182, -41
183, -42
186, -42
188, -43
189, -43
191, -44
193, -45
196, -45
197, -46
199, -46
201, -47
204, -48
205, -48
207, -49
210, -50
212, -50
214, -51
215, -51
218, -52
219, -53
221, -53
224, -54
226, -55
227, -55
229, -56
232, -56
234, -57
235, -58
237, -58
239, -59
242, -60
243, -60
245, -61
247, -61
250, -62
252, -63
253, -63
255, -64
258, -65
259, -65
261, -66
264, -66
266, -67
267, -67
270, -68
273, -69
274, -70
276, -70
278, -71
281, -72
282, -72
284, -73
287, -74
289, -74
290, -74
292, -75
295, -76
297, -77
298, -77
301, -78
303, -79
304, -79
306, -80
309, -80
310, -81
313, -82
315, -82
318, -83
320, -84
321, -84
323, -85
325, -86
328, -86
330, -87
335, -88
336, -89
338, -89
340, -90
343, -91
344, -91
346, -92
349, -93
351, -94
354, -94
355, -95
357, -95
360, -96
362, -97
363, -97
365, -98
369, -99
370, -99
372, -100
374, -101
377, -101
379, -102
382, -103
384, -104
385, -104
387, -105
390, -106
392, -106
393, -107
396, -107
400, -109
401, -109
403, -110
406, -110
408, -111
409, -112
411, -112
413, -113
415, -113
417, -114
419, -115
422, -116
424, -116
425, -116
427, -117
430, -118
431, -118
433, -119
436, -120
437, -120
439, -121
442, -122
444, -122
445, -123
447, -124
450, -124
453, -125
455, -126
456, -126
458, -127
461, -128
462, -128
464, -129
467, -130
470, -131
473, -132
474, -132
476, -132
478, -133
481, -134
490, -137
495, -138
497, -139
500, -140
501, -140
503, -141
505, -141
510, -143
512, -143
513, -144
515, -144
518, -145
519, -146
521, -146
523, -147
526, -148
528, -148
529, -149
532, -150
533, -150
535, -151
541, -153
542, -153
544, -154
547, -154
548, -155
551, -156
552, -156
555, -157
556, -157
559, -158
560, -159
563, -159
564, -160
566, -160
568, -161
571, -162
572, -162
574, -163
577, -164
578, -164
580, -165
583, -165
585, -166
586, -166
588, -167
591, -168
593, -169
596, -170
597, -170
599, -170
601, -171
604, -172
606, -173
607, -173
609, -174
612, -175
614, -175
615, -176
617, -176
620, -177
622, -178
623, -178
625, -179
627, -180
630, -180
631, -181
634, -181
635, -182
637, -182
639, -183
642, -184
643, -184
645, -185
647, -185
650, -186
651, -187
653, -187
656, -188
658, -189
660, -190
663, -190
665, -191
666, -191
668, -192
671, -192
673, -193
676, -194
678, -195
679, -195
681, -196
684, -197
686, -197
687, -198
689, -198
695, -200
696, -200
698, -201
700, -202
703, -203
704, -203
706, -204
712, -206
714, -206
717, -207
719, -208
720, -208
722, -208
725, -209
727, -210
728, -210
730, -211
732, -211
735, -212
736, -213
739, -213
741, -214
742, -214
744, -215
746, -216
749, -216
751, -217
752, -218
755, -218
757, -219
758, -220
760, -220
763, -221
765, -221
767, -222
768, -222
770, -223
773, -224
774, -224
776, -225
778, -226
781, -226
783, -227
784, -227
786, -228
789, -229
790, -229
792, -230
795, -230
796, -231
798, -232
801, -232
803, -233
805, -234
807, -234
810, -235
812, -236
814, -236
815, -237
817, -237
820, -238
822, -239
825, -240
827, -240
828, -241
830, -241
833, -242
834, -242
836, -243
839, -244
845, -246
847, -246
848, -247
850, -248
853, -248
856, -249
858, -250
859, -250
861, -251
863, -252
866, -252
867, -252
869, -253
873, -254
876, -255
877, -256
879, -256
881, -257
884, -257
885, -258
887, -258
889, -259
892, -260
894, -260
896, -261
897, -262
899, -262
901, -263
904, -264
906, -264
907, -264
909, -265
912, -266
914, -266
916, -267
917, -268
920, -268
922, -269
923, -269
925, -270
928, -271
929, -271
931, -272
934, -273
935, -273
937, -274
940, -274
942, -275
943, -276
945, -276
948, -277
949, -277
951, -278
954, -279
957, -280
958, -280
960, -281
962, -281
965, -282
966, -282
968, -283
970, -284
972, -284
975, -285
978, -286
979, -286
981, -287
983, -288
986, -288
987, -289
989, -289
991, -290
994, -291
997, -292
998, -292
1000, -293
1002, -294
1005, -294
1007, -295
1008, -295
1011, -296
1012, -297
1016, -298
1017, -298
1019, -299
1021, -300
1024, -300
1025, -300
1027, -301
1031, -302
1034, -303
1037, -304
1039, -305
1040, -305
1043, -306
1044, -306
1046, -307
1049, -308
1050, -308
1052, -309
1055, -310
1056, -310
1058, -310
1061, -311
1062, -312
1064, -312
1067, -313
1070, -314
1072, -315
1073, -315
1076, -316
1079, -317
1081, -318
1083, -318
1084, -318
1087, -319
1088, -320
1090, -320
1092, -321
1095, -322
1096, -322
1098, -323
1101, -324
1103, -324
1104, -325
1106, -325
1109, -326
1111, -327
1112, -327
1115, -328
1117, -329
1122, -330
1123, -330
1125, -331
1128, -332
1129, -332
1131, -333
1133, -334
1135, -334
1138, -335
1139, -335
1141, -336
1143, -336
1146, -337
1147, -338
1149, -338
1151, -339
1154, -340
1156, -340
1158, -341
1159, -342
1161, -342
1164, -343
1165, -343
1167, -344
1170, -345
1171, -345
1173, -346
1176, -347
1177, -347
1179, -348
1182, -348
1183, -349
1185, -350
1187, -350
1190, -351
1191, -351
1193, -352
1196, -353
1197, -353
1199, -354
1202, -354
1203, -355
1205, -355
1208, -356
1210, -357
1211, -357
1213, -358
1217, -359
1219, -360
1220, -360
1222, -361
1225, -361
1227, -362
1228, -362
1230, -363
1233, -364
1235, -365
1237, -365
1240, -366
1242, -367
1243, -367
1245, -368
1247, -368
1250, -369
1251, -370
1253, -370
1255, -371
1258, -372
1259, -372
1261, -373
1263, -373
1266, -374
1267, -374
1269, -375
1273, -376
1274, -376
1277, -377
1278, -378
1280, -378
1283, -379
1284, -380
1286, -380
1289, -381
1291, -382
1292, -382
1294, -383
1297, -383
1298, -384
1301, -384
1302, -385
1304, -386
1306, -386
1309, -387
1311, -388
1312, -388
1314, -389
1317, -390
1320, -390
1325, -392
1326, -392
1329, -393
1330, -394
1332, -394
1334, -395
1338, -396
1340, -397
1342, -397
1343, -398
1346, -398
1347, -399
1349, -399
1352, -400
1355, -401
1358, -402
1360, -402
1361, -403
1366, -404
1368, -405
1369, -405
1371, -406
1374, -406
1376, -407
1378, -408
1380, -408
1382, -409
1383, -409
1385, -410
1388, -411
1393, -412
1398, -414
1400, -415
1403, -415
1405, -416
1406, -416
1408, -417
1411, -418
1412, -418
1415, -419
1416, -420
1419, -420
1422, -421
1423, -422
1425, -422
1427, -423
1430, -424
1431, -424
1433, -424
1435, -425
1438, -426
1440, -427
1443, -427
1445, -428
1446, -428
1448, -429
1451, -430
1453, -430
1455, -431
1456, -431
1458, -432
1461, -433
1463, -433
1464, -434
1466, -434
1468, -435
1470, -436
1473, -436
1475, -437
1476, -437
1479, -438
1481, -439
1482, -439
1484, -440
1487, -440
1489, -441
1490, -442
1504, -446
1506, -446
1507, -447
1510, -448
1512, -448
1515, -449
1516, -449
1518, -450
1521, -451
1523, -451
1525, -452
1528, -453
1530, -453
1532, -454
1534, -455
1536, -455
1539, -456
1541, -457
1542, -457
1544, -458
1546, -458
1549, -459
1551, -460
1552, -460
1556, -461
1558, -462
1560, -463
1562, -463
1566, -464
1568, -465
1570, -466
1573, -466
1576, -467
1578, -468
1580, -468
1582, -469
1585, -470
1587, -470
1590, -471
1592, -472
1594, -473
1596, -473
1599, -474
1601, -475
1602, -475
1604, -476
1607, -476
1608, -477
1610, -478
1612, -478
1615, -479
1617, -480
1619, -480
1622, -481
1624, -482
1625, -482
1627, -483
1630, -483
1631, -484
1633, -484
1635, -485
1638, -486
1639, -486
1641, -487
1643, -488
1645, -488
1648, -489
1649, -490
1651, -490
1654, -491
1656, -491
1657, -492
1660, -493
1661, -493
1663, -494
1665, -494
1667, -495
1670, -496
1671, -496
1673, -497
1675, -497
1678, -498
1679, -498
1681, -499
1684, -500
1685, -500
1688, -501
1690, -501
1692, -502
1693, -503
1695, -503
1697, -504
1700, -505
1703, -505
1704, -506
1706, -506
1708, -507
1710, -508
1713, -508
1715, -509
1716, -510
1718, -510
1720, -511
1723, -512
1727, -513
1728, -513
1730, -514
1732, -515
1735, -515
1737, -516
1739, -517
1742, -517
1744, -518
1745, -518
1747, -519
1750, -520
1751, -520
1753, -521
1756, -522
1757, -522
1759, -523
1764, -524
1765, -524
1767, -525
1770, -526
1771, -526
1773, -527
1776, -528
1777, -528
1779, -529
1782, -530
1783, -530
1785, -531
1788, -531
1790, -532
1791, -532
1793, -533
1795, -534
1798, -534
1799, -535
1802, -536
1803, -536
1805, -537
1807, -537
1810, -538
1811, -538
1813, -539
1815, -540
1818, -540
1820, -541
1822, -542
1824, -542
1827, -543
1828, -544
1830, -544
1832, -545
1835, -545
1837, -546
1841, -548
1844, -548
1846, -549
1847, -549
1849, -550
1854, -551
1855, -552
1857, -552
1860, -553
1861, -554
1863, -554
1865, -555
1868, -556
1871, -557
1872, -557
1874, -558
1877, -558
1879, -559
1880, -559
1883, -560
1885, -561
1887, -562
1889, -562
1891, -563
1894, -564
1896, -564
1897, -565
1903, -566
1905, -567
1907, -568
1910, -568
1912, -569
1914, -570
1916, -570
1922, -572
1924, -573
1925, -573
1928, -574
1930, -574
1931, -575
1934, -576
1936, -576
1938, -577
1942, -578
1944, -578
1946, -579
1949, -580
1951, -581
1954, -582
1957, -582
1959, -583
1960, -584
1963, -584
1965, -585
1968, -586
1970, -586
1974, -588
1978, -589
1980, -590
1981, -590
1983, -590
1989, -592
1990, -592
1992, -593
1995, -594
1997, -594
1999, -595
2000, -595
2002, -596
2008, -598
2010, -598
2011, -599
2013, -599
2016, -600
2017, -600
2019, -601
2021, -602
2024, -602
2026, -603
2029, -604
2032, -605
2034, -606
2035, -606
2043, -608
2045, -609
2047, -610
2049, -610
2052, -611
2054, -612
2058, -613
2060, -614
2063, -614
2065, -615
2066, -615
2069, -616
2071, -617
2074, -617
2076, -618
2082, -620
2084, -620
2085, -621
2087, -621
2089, -622
2092, -623
2094, -623
2095, -624
2097, -624
2099, -625
2102, -626
2104, -626
2106, -627
2109, -628
2111, -628
2112, -629
2114, -630
2117, -630
2119, -631
2121, -632
2122, -632
2125, -633
2126, -633
2129, -634
2131, -634
2132, -635
2134, -636
2136, -636
2139, -637
2141, -638
2144, -638
2146, -639
2147, -639
2149, -640
2151, -640
2154, -641
2156, -642
2158, -642
2160, -643
2164, -644
2166, -645
2167, -645
2169, -646
2171, -646
2174, -647
2175, -648
2177, -648
2179, -649
2182, -650
2183, -650
2186, -651
2187, -651
2189, -652
2192, -652
2194, -653
2195, -654
2197, -654
2199, -655
2201, -656
2204, -656
2205, -656
2207, -657
2210, -658
2211, -658
2213, -659
2218, -660
2219, -661
2221, -661
2224, -662
2225, -663
2227, -663
2229, -664
2232, -664
2233, -665
2235, -665
2237, -666
2240, -667
2242, -667
2243, -668
2245, -668
2248, -669
2250, -670
2251, -670
2253, -671
2256, -672
2258, -672
2259, -672
2261, -673
2263, -674
2266, -674
2267, -675
2269, -676
2272, -676
2274, -677
2275, -677
2277, -678
2280, -679
2281, -679
2283, -680
2285, -681
2288, -681
2289, -682
2291, -682
2298, -684
2300, -685
2301, -685
2303, -686
2306, -687
2307, -687
2309, -688
2312, -688
2314, -689
2316, -690
2318, -690
2321, -691
2323, -692
2325, -692
2328, -693
2331, -694
2332, -695
2335, -695
2337, -696
2339, -697
2340, -697
2342, -698
2345, -699
2347, -699
2350, -700
2352, -701
2353, -701
2356, -702
2357, -702
2359, -703
2361, -704
2364, -704
2365, -705
2367, -705
2369, -706
2372, -707
2373, -707
2375, -708
2377, -708
2380, -709
2381, -710
2383, -710
2385, -711
2388, -711
2390, -712
2391, -712
2393, -713
2396, -714
2399, -715
2400, -715
2402, -716
2404, -716
2407, -717
2408, -718
2410, -718
2412, -719
2418, -720
2419, -721
2421, -722
2423, -722
2426, -723
2427, -723
2429, -724
2432, -725
2434, -725
2435, -726
2437, -726
2439, -727
2442, -728
2443, -728
2445, -729
2447, -730
2449, -730
2452, -731
2454, -732
2455, -732
2457, -733
2460, -733
2462, -734
2463, -734
2466, -735
2468, -736
2471, -736
2473, -737
2474, -738
2477, -738
2480, -739
2482, -740
2486, -741
2487, -742
2489, -742
2491, -743
2494, -744
2503, -746
2504, -747
2507, -748
2509, -748
2512, -749
2514, -750
2515, -750
2517, -751
2520, -751
2522, -752
2523, -752
2525, -753
2527, -754
2530, -754
2531, -755
2533, -756
2536, -756
2538, -757
2539, -757
2542, -758
2544, -759
2545, -759
2548, -760
2549, -760
2551, -761
2553, -762
2556, -762
2557, -763
2559, -763
2561, -764
2564, -764
2565, -765
2568, -766
2570, -767
2573, -767
2574, -768
2576, -768
2579, -769
2580, -770
2582, -770
2584, -771
2587, -772
2588, -772
2591, -773
2593, -773
2594, -774
2596, -774
2599, -775
2601, -776
2602, -776
2604, -777
2607, -778
2610, -778
2612, -779
2613, -780
2615, -780
2621, -782
2623, -782
2624, -783
2626, -783
2629, -784
2631, -785
2632, -785
2634, -786
2640, -787
2643, -788
2644, -789
2646, -789
2649, -790
2651, -791
2652, -791
2654, -792
2657, -792
2658, -793
2660, -794
2662, -794
2665, -795
2667, -796
2670, -796
2672, -797
2673, -798
2675, -798
2678, -799
2679, -799
2681, -800
2683, -800
2685, -801
2688, -802
2689, -802
2692, -803
2694, -804
2695, -804
2698, -805
2700, -805
2702, -806
2703, -806
2706, -807
2708, -808
2710, -808
2711, -809
2714, -810
2715, -810
2718, -811
2719, -811
2721, -812
2723, -812
2726, -813
2735, -816
2739, -817
2740, -817
2742, -818
2745, -819
2746, -819
2748, -820
2750, -820
2753, -821
2755, -822
2756, -822
2758, -823
2761, -824
2763, -824
2764, -825
2767, -826
2770, -826
2771, -827
2773, -827
2776, -828
2778, -829
2779, -829
2782, -830
2784, -830
2785, -831
2787, -831
2790, -832
2791, -832
2793, -833
2796, -834
2798, -834
2799, -835
2801, -835
2805, -837
2808, -837
2810, -838
2811, -838
2814, -839
2817, -840
2819, -841
2820, -841
2823, -842
2825, -843
2828, -843
2831, -844
2833, -845
2834, -845
2837, -846
2840, -847
2841, -848
2843, -848
2845, -849
2848, -850
2849, -850
2852, -850
2854, -851
2855, -852
2857, -852
2859, -853
2862, -854
2864, -854
2865, -855
2867, -855
2869, -856
2872, -856
2875, -857
2876, -858
2878, -858
2881, -859
2882, -860
2884, -860
2886, -861
2889, -861
2891, -862
2892, -862
2894, -863
2897, -864
2899, -864
2900, -865
2902, -866
2904, -866
2907, -867
2909, -868
2911, -868
2913, -869
2916, -870
2918, -870
2919, -871
2922, -872
2923, -872
2925, -873
2927, -873
2930, -874
2932, -875
2935, -875
2937, -876
2938, -876
2940, -877
2942, -878
2945, -878
2946, -879
2948, -880
2951, -880
2953, -881
2956, -882
2958, -882
2959, -883
2961, -883
2964, -884
2965, -884
2967, -885
2969, -886
2971, -886
2974, -887
2975, -888
2977, -888
2980, -889
2981, -889
2983, -890
2986, -891
2987, -891
2989, -892
2992, -892
2993, -893
2995, -894
2999, -895
3002, -896
3004, -896
3007, -897
3008, -898
3010, -898
3012, -899
3015, -900
3017, -900
3018, -900
3021, -902
3024, -902
3025, -903
3027, -903
3029, -904
3033, -905
3034, -905
3036, -906
3038, -906
3041, -907
3042, -908
3044, -908
3046, -909
3048, -910
3051, -910
3052, -911
3054, -911
3057, -912
3058, -912
3060, -913
3062, -914
3064, -914
3067, -915
3068, -916
3072, -917
3073, -917
3075, -918
3078, -918
3079, -919
3081, -920
3083, -920
3086, -921
3087, -921
3089, -922
3092, -923
3095, -924
3097, -924
3098, -925
3100, -925
3103, -926
3105, -927
3106, -927
3108, -928
3110, -928
3113, -929
3114, -929
3116, -930
3122, -932
3124, -932
3125, -933
3127, -933
3130, -934
3132, -935
3133, -935
3135, -936
3137, -936
3140, -937
3142, -938
3143, -938
3147, -939
3148, -940
3150, -940
3153, -941
3154, -942
3156, -942
3158, -943
3160, -944
3163, -944
3165, -945
3166, -945
3168, -946
3170, -946
3173, -947
3174, -948
3176, -948
3178, -949
3181, -950
3182, -950
3184, -951
3186, -951
3189, -952
3191, -952
3193, -953
3194, -954
3196, -954
3199, -955
3200, -955
3202, -956
3204, -956
3207, -957
3208, -958
3210, -958
3212, -959
3215, -960
3216, -960
3218, -961
3220, -961
3223, -962
3225, -963
3226, -963
3228, -964
3231, -964
3234, -966
3236, -966
3241, -968
3243, -968
3246, -969
3248, -970
3250, -970
3254, -971
3257, -972
3259, -973
3260, -973
3263, -974
3265, -975
3266, -975
3268, -976
3270, -976
3274, -977
3275, -978
3277, -978
3279, -979
3281, -980
3284, -980
3285, -981
3287, -981
3289, -982
3292, -983
3294, -983
3295, -984
3297, -984
3299, -985
3302, -986
3304, -986
3305, -987
3307, -987
3309, -988
3312, -989
3314, -989
3315, -990
3317, -990
3319, -991
3321, -992
3323, -992
3325, -993
3328, -993
3330, -994
3331, -994
3333, -995
3335, -996
3337, -996
3340, -997
3341, -997
3343, -998
3345, -999
3348, -999
3350, -1000
3351, -1000
3354, -1001
3356, -1002
3359, -1002
3361, -1003
3362, -1004
3364, -1004
3367, -1005
3369, -1005
3371, -1006
3378, -1008
3380, -1009
3382, -1010
3386, -1010
3388, -1011
3389, -1012
3391, -1012
3398, -1014
3400, -1015
3402, -1016
3405, -1016
3409, -1018
3411, -1018
3415, -1019
3422, -1021
3424, -1022
3425, -1022
3427, -1023
3429, -1024
3432, -1024
3434, -1025
3436, -1026
3439, -1026
3441, -1027
3443, -1028
3445, -1028
3447, -1029
3450, -1030
3452, -1030
3454, -1031
3456, -1031
3459, -1032
3461, -1033
3463, -1034
3465, -1034
3468, -1035
3470, -1036
3471, -1036
3474, -1037
3477, -1038
3479, -1038
3480, -1039
3486, -1040
3488, -1041
3491, -1042
3493, -1042
3496, -1043
3498, -1044
3499, -1044
3502, -1045
3505, -1046
3507, -1047
3516, -1049
3520, -1050
3521, -1051
3523, -1051
3525, -1052
3528, -1052
3529, -1053
3531, -1054
3534, -1054
3536, -1055
3537, -1055
3539, -1056
3541, -1057
3544, -1057
3546, -1058
3547, -1058
3549, -1059
3551, -1060
3556, -1061
3557, -1062
3559, -1062
3562, -1063
3564, -1064
3565, -1064
3567, -1065
3569, -1065
3571, -1066
3573, -1066
3575, -1067
3578, -1068
3580, -1068
3581, -1069
3583, -1069
3585, -1070
3588, -1071
3590, -1071
3591, -1072
3593, -1072
3596, -1073
3598, -1074
3599, -1074
3601, -1075
3603, -1075
3606, -1076
3607, -1076
3609, -1077
3611, -1078
3613, -1078
3615, -1079
3618, -1080
3619, -1080
3621, -1081
3623, -1081
3626, -1082
3628, -1083
3629, -1083
3631, -1084
3633, -1084
3636, -1085
3638, -1086
3641, -1087
3643, -1087
3644, -1088
3646, -1088
3648, -1089
3651, -1090
3652, -1090
3654, -1091
3656, -1091
3658, -1092
3661, -1093
3662, -1093
3664, -1094
3666, -1094
3669, -1095
3670, -1096
3672, -1096
3675, -1097
3676, -1097
3678, -1098
3680, -1098
3682, -1099
3685, -1100
3687, -1100
3688, -1101
3690, -1102
3693, -1102
3694, -1103
3696, -1103
3699, -1104
3702, -1105
3703, -1105
3705, -1106
3707, -1107
3712, -1108
3714, -1109
3717, -1110
3718, -1110
3720, -1111
3722, -1111
3724, -1112
3727, -1113
3729, -1113
3730, -1114
3732, -1114
3735, -1115
3736, -1115
3738, -1116
3740, -1117
3743, -1118
3744, -1118
3746, -1118
3748, -1119
3751, -1120
3753, -1120
3754, -1121
3756, -1121
3759, -1122
3761, -1123
3762, -1123
3765, -1124
3767, -1125
3770, -1125
3771, -1126
3773, -1126
3775, -1127
3778, -1128
3780, -1128
3781, -1129
3783, -1129
3785, -1130
3788, -1131
3790, -1131
3791, -1132
3794, -1133
3797, -1134
3799, -1134
3800, -1135
3802, -1135
3804, -1136
3807, -1136
3808, -1137
3810, -1138
3814, -1139
3815, -1139
3817, -1140
3819, -1140
3822, -1141
3824, -1142
3826, -1142
3827, -1142
3829, -1143
3832, -1144
3834, -1144
3835, -1145
3837, -1146
3839, -1146
3842, -1147
3844, -1148
3845, -1148
3847, -1148
3850, -1149
3852, -1150
3854, -1150
3855, -1151
3857, -1152
3860, -1152
3876, -1157
3879, -1158
3880, -1158
3882, -1159
3884, -1160
3887, -1160
3895, -1163
3897, -1164
3900, -1164
3901, -1165
3904, -1165
3906, -1166
3907, -1166
3909, -1167
3912, -1168
3914, -1168
3916, -1169
3919, -1170
3921, -1170
3923, -1171
3924, -1171
3926, -1172
3929, -1172
3931, -1173
3933, -1174
3934, -1174
3936, -1175
3939, -1176
3940, -1176
3942, -1176
3944, -1177
3947, -1178
3949, -1178
3950, -1179
3953, -1180
3955, -1180
3958, -1181
3959, -1182
3961, -1182
3964, -1183
3965, -1184
3967, -1184
3969, -1185
3972, -1185
3974, -1186
3975, -1186
3977, -1187
3980, -1188
3981, -1188
3983, -1189
3985, -1189
3987, -1190
3990, -1191
3992, -1191
3994, -1192
3995, -1192
3997, -1193
4000, -1194
4002, -1194
4003, -1195
4005, -1195
4008, -1196
4010, -1197
4011, -1197
4013, -1198
4016, -1198
4018, -1199
4020, -1200
4021, -1200
4023, -1200
4026, -1201
4028, -1202
4030, -1202
4031, -1203
4034, -1204
4036, -1204
4038, -1205
4039, -1205
4042, -1206
4044, -1207
4047, -1208
4048, -1208
4050, -1208
4052, -1209
4055, -1210
4057, -1211
4059, -1211
4061, -1212
4063, -1212
4066, -1213
4067, -1214
4070, -1214
4073, -1215
4076, -1216
4079, -1217
4081, -1218
4084, -1218
4086, -1219
4087, -1219
4089, -1220
4092, -1221
4094, -1221
4095, -1222
4097, -1222
4099, -1223
4102, -1224
4103, -1224
4105, -1224
4108, -1225
4110, -1226
4111, -1226
4113, -1227
4115, -1228
4118, -1228
4119, -1229
4121, -1230
4124, -1230
4125, -1231
4127, -1231
4129, -1232
4132, -1232
4133, -1233
4135, -1234
4137, -1234
4140, -1235
4141, -1235
4143, -1236
4145, -1236
4147, -1237
4150, -1238
4152, -1238
4153, -1239
4155, -1239
4158, -1240
4160, -1241
4161, -1241
4163, -1242
4166, -1242
4167, -1243
4169, -1243
4171, -1244
4173, -1244
4176, -1245
4177, -1246
4180, -1246
4181, -1247
4183, -1248
4186, -1248
4188, -1249
4189, -1249
4191, -1250
4193, -1251
4196, -1251
4199, -1252
4200, -1253
4202, -1253
4204, -1254
4207, -1255
4209, -1255
4210, -1256
4212, -1256
4215, -1257
4217, -1258
4218, -1258
4220, -1258
4222, -1259
4225, -1260
4226, -1260
4228, -1261
4230, -1262
4233, -1262
4235, -1263
4236, -1263
4238, -1264
4240, -1264
4243, -1265
4245, -1266
4246, -1266
4248, -1267
4250, -1267
4253, -1268
4255, -1269
4257, -1269
4259, -1270
4261, -1271
4264, -1271
4265, -1272
4267, -1272
4269, -1273
4272, -1274
4274, -1274
4275, -1275
4277, -1276
4279, -1276
4283, -1277
4285, -1278
4287, -1278
4290, -1279
4291, -1280
4293, -1280
4296, -1281
4298, -1282
4300, -1282
4302, -1283
4303, -1283
4305, -1284
4308, -1285
4309, -1285
4313, -1286
4316, -1287
4318, -1288
4320, -1288
4321, -1288
4323, -1289
4325, -1290
4328, -1290
4330, -1291
4331, -1291
4333, -1292
4335, -1293
4338, -1293
4340, -1294
4341, -1294
4343, -1295
4346, -1296
4347, -1296
4349, -1297
4351, -1297
4354, -1298
4356, -1299
4357, -1299
4360, -1300
4361, -1300
4363, -1301
4365, -1302
4368, -1302
4369, -1303
4371, -1304
4374, -1304
4376, -1305
4377, -1305
4379, -1306
4381, -1307
4384, -1307
4385, -1308
4387, -1308
4389, -1309
4392, -1310
4394, -1310
4395, -1311
4397, -1311
4400, -1312
4403, -1313
4405, -1313
4407, -1314
4408, -1314
4411, -1315
4413, -1316
4414, -1316
4416, -1317
4419, -1318
4420, -1318
4423, -1319
4424, -1319
4426, -1320
4428, -1320
4431, -1321
4432, -1322
4434, -1322
4438, -1324
4441, -1324
4442, -1325
4444, -1325
4447, -1326
4449, -1327
4450, -1327
4452, -1328
4455, -1328
4456, -1329
4458, -1330
4461, -1330
4462, -1331
4464, -1331
4467, -1332
4469, -1333
4470, -1333
4473, -1334
4474, -1334
4476, -1335
4478, -1335
4481, -1336
4485, -1338
4488, -1338
4489, -1338
4492, -1339
4494, -1340
4497, -1341
4499, -1341
4500, -1342
4502, -1342
4505, -1343
4513, -1346
4515, -1346
4518, -1347
4520, -1348
4521, -1348
4523, -1349
4526, -1349
4527, -1350
4529, -1350
4531, -1351
4534, -1352
4535, -1352
4537, -1353
4539, -1354
4541, -1354
4544, -1355
4545, -1355
4547, -1356
4549, -1356
4552, -1357
4554, -1358
4555, -1358
4557, -1359
4560, -1360
4562, -1360
4563, -1360
4565, -1361
4567, -1362
4569, -1362
4572, -1363
4573, -1363
4575, -1364
4578, -1365
4579, -1365
4582, -1366
4583, -1366
4585, -1367
4587, -1367
4589, -1368
4592, -1369
4593, -1369
4598, -1370
4600, -1371
4601, -1372
4603, -1372
4605, -1373
4608, -1374
4612, -1375
4613, -1375
4615, -1376
4618, -1376
4619, -1377
4621, -1378
4623, -1378
4626, -1379
4628, -1380
4629, -1380
4631, -1380
4633, -1381
4636, -1382
4638, -1382
4639, -1383
4641, -1383
4643, -1384
4646, -1385
4648, -1385
4649, -1386
4651, -1386
4653, -1387
4656, -1388
4658, -1388
4659, -1389
4662, -1390
4665, -1390
4667, -1391
4668, -1391
4670, -1392
4673, -1392
4675, -1393
4677, -1394
4679, -1394
4682, -1395
4684, -1396
4687, -1397
4688, -1397
4690, -1398
4692, -1398
4694, -1399
4697, -1400
4698, -1400
4700, -1401
4703, -1402
4704, -1402
4706, -1402
4708, -1403
4710, -1404
4713, -1404
4714, -1405
4716, -1406
4718, -1406
4721, -1407
4723, -1407
4724, -1408
4726, -1408
4729, -1409
4730, -1410
4732, -1410
4735, -1411
4736, -1411
4738, -1412
4743, -1413
4744, -1414
4747, -1414
4749, -1415
4750, -1415
4753, -1416
4758, -1418
4760, -1418
4763, -1419
4765, -1420
4768, -1421
4769, -1421
4771, -1422
4773, -1422
4776, -1423
4777, -1423
4779, -1424
4781, -1424
4783, -1425
4786, -1426
4787, -1426
4789, -1427
4791, -1428
4794, -1428
4796, -1429
4797, -1429
4799, -1430
4802, -1430
4803, -1431
4806, -1432
4808, -1432
4809, -1433
4811, -1433
4813, -1434
4816, -1434
4818, -1435
4819, -1436
4821, -1436
4824, -1437
4826, -1438
4827, -1438
4829, -1438
4832, -1439
4834, -1440
4835, -1440
4837, -1441
4839, -1442
4842, -1442
4844, -1443
4845, -1443
4847, -1444
4850, -1445
4852, -1445
4853, -1446
4855, -1446
4858, -1447
4860, -1448
4861, -1448
4864, -1449
4865, -1450
4868, -1450
4870, -1451
4871, -1451
4874, -1452
4876, -1453
4879, -1454
4881, -1454
4882, -1454
4885, -1455
4888, -1456
4890, -1457
4891, -1457
4896, -1458
4899, -1459
4901, -1460
4902, -1460
4908, -1462
4911, -1463
4913, -1463
4915, -1464
4916, -1464
4918, -1465
4921, -1466
4922, -1466
4924, -1467
4927, -1468
4929, -1468
4930, -1469
4932, -1469
4934, -1470
4937, -1471
4939, -1471
4940, -1472
4942, -1472
4945, -1473
4947, -1474
4948, -1474
4950, -1475
4952, -1475
4954, -1476
4956, -1476
4958, -1477
4961, -1478
4962, -1478
4964, -1479
4967, -1480
4969, -1480
4970, -1480
4972, -1481
4974, -1482
4977, -1482
4978, -1483
4980, -1484
4982, -1484
4985, -1485
4986, -1485
4988, -1486
4991, -1487
4992, -1487
4994, -1488
4997, -1488
4998, -1489
5000, -1490
