Time, Count
0, 0
3, 0
6, 0
8, 0
11, 0
13, 0
18, -1
20, -1
24, -1
26, -2
28, -2
30, -2
34, -3
36, -3
38, -4
40, -4
42, -5
44, -5
46, -6
48, -6
50, -7
52, -7
54, -8
56, -8
58, -9
60, -9
62, -10
64, -10
67, -11
69, -12
72, -12
73, -13
75, -13
78, -14
80, -15
82, -15
84, -16
86, -17
88, -17
90, -18
92, -19
94, -20
96, -20
98, -21
100, -22
102, -22
105, -23
106, -24
108, -25
110, -25
112, -26
114, -27
116, -27
119, -28
120, -29
122, -29
124, -30
128, -31
130, -32
132, -33
134, -34
136, -35
138, -35
140, -36
142, -37
144, -37
146, -38
148, -39
150, -40
152, -41
154, -41
156, -42
158, -43
160, -44
162, -45
164, -45
166, -46
168, -47
170, -48
173, -49
174, -49
176, -50
178, -51
181, -52
182, -52
184, -53
186, -54
188, -55
190, -55
192, -56
194, -57
196, -58
199, -59
201, -60
203, -61
205, -61
207, -62
209, -63
211, -63
214, -65
215, -65
217, -66
219, -67
222, -68
223, -68
225, -69
227, -70
229, -71
231, -71
233, -72
235, -73
237, -74
239, -75
241, -76
243, -76
246, -77
248, -78
250, -79
252, -80
254, -80
256, -81
258, -82
260, -83
262, -84
264, -85
266, -85
268, -86
270, -87
272, -88
274, -88
276, -89
278, -90
280, -91
282, -92
284, -93
286, -93
288, -94
291, -95
292, -96
294, -97
296, -97
298, -98
300, -99
302, -100
304, -101
306, -101
308, -102
310, -103
312, -103
314, -104
316, -105
318, -106
320, -107
322, -107
324, -108
326, -109
328, -110
330, -111
332, -111
334, -112
336, -113
340, -115
342, -116
344, -116
346, -117
348, -118
350, -119
352, -119
354, -120
356, -121
362, -123
363, -124
365, -125
367, -126
369, -126
371, -127
373, -128
375, -129
378, -130
379, -130
381, -131
384, -132
385, -133
387, -133
389, -134
391, -135
393, -136
395, -137
397, -137
399, -138
401, -139
403, -140
406, -141
408, -142
410, -143
414, -144
415, -145
417, -145
419, -146
422, -147
423, -148
425, -149
427, -150
430, -151
431, -151
433, -152
435, -153
437, -153
439, -154
441, -155
443, -156
445, -157
448, -158
449, -158
451, -159
453, -160
455, -160
457, -161
459, -162
461, -163
464, -164
466, -165
468, -166
470, -167
472, -167
474, -168
476, -169
478, -170
480, -170
482, -171
484, -172
486, -173
488, -173
490, -174
492, -175
495, -176
496, -177
501, -179
502, -179
504, -180
506, -181
508, -182
510, -182
512, -183
514, -184
516, -185
518, -185
523, -187
526, -189
528, -189
530, -190
533, -191
534, -192
536, -193
538, -193
541, -195
542, -195
544, -196
546, -197
548, -197
550, -198
552, -199
554, -200
556, -201
559, -201
560, -202
562, -203
564, -204
567, -205
568, -205
570, -206
572, -207
574, -207
576, -208
578, -209
580, -210
582, -211
584, -211
586, -212
589, -213
590, -214
592, -215
594, -215
597, -217
598, -217
600, -218
602, -219
605, -219
606, -220
608, -221
610, -222
613, -223
614, -223
616, -224
618, -225
621, -226
622, -226
624, -227
626, -228
628, -229
630, -229
632, -230
634, -231
637, -232
639, -233
641, -234
643, -234
645, -235
647, -236
649, -237
651, -238
656, -239
658, -240
660, -241
662, -242
664, -243
666, -243
668, -244
670, -245
673, -246
674, -247
676, -247
678, -248
680, -249
682, -249
684, -250
687, -251
689, -252
691, -253
693, -254
696, -255
698, -256
700, -257
702, -257
704, -258
706, -259
708, -260
711, -261
712, -261
714, -262
716, -263
718, -263
720, -264
722, -265
724, -266
726, -267
728, -267
730, -268
732, -269
735, -270
737, -271
739, -272
741, -272
743, -273
745, -274
747, -275
750, -276
751, -276
754, -277
756, -278
758, -279
760, -280
762, -280
764, -281
766, -282
768, -283
770, -284
772, -285
774, -285
777, -286
778, -287
780, -287
783, -289
785, -290
787, -290
789, -291
791, -292
793, -293
795, -293
797, -294
799, -295
801, -296
803, -296
805, -297
807, -298
809, -299
811, -299
813, -300
815, -301
817, -302
819, -302
821, -303
823, -304
825, -305
828, -306
830, -307
832, -308
834, -308
837, -309
839, -310
841, -311
843, -312
847, -313
849, -314
851, -315
853, -316
855, -317
857, -317
860, -318
861, -319
866, -321
868, -321
870, -322
872, -323
875, -324
876, -324
878, -325
880, -326
883, -327
884, -328
886, -328
888, -329
890, -330
892, -331
894, -332
896, -333
898, -333
900, -334
902, -335
904, -335
906, -336
908, -337
910, -338
912, -339
914, -339
917, -340
918, -341
926, -344
930, -345
932, -346
934, -347
936, -348
938, -349
940, -349
942, -350
945, -351
946, -352
948, -353
950, -353
952, -354
954, -355
956, -356
958, -356
960, -357
962, -358
964, -359
966, -360
968, -360
970, -361
972, -362
974, -363
976, -364
978, -364
980, -365
983, -366
984, -367
986, -368
988, -368
990, -369
992, -370
994, -371
996, -371
998, -372
1000, -373
1002, -374
1004, -375
1007, -376
1008, -376
1010, -377
1012, -378
1014, -379
1016, -379
1018, -380
1020, -381
1023, -382
1026, -383
1028, -384
1030, -385
1032, -385
1034, -386
1036, -387
1039, -388
1040, -389
1042, -389
1044, -390
1046, -391
1049, -392
1050, -392
1052, -393
1054, -394
1057, -395
1059, -396
1061, -397
1063, -398
1065, -398
1067, -399
1069, -400
1071, -401
1073, -401
1075, -402
1077, -403
1079, -404
1081, -405
1083, -405
1085, -406
1087, -407
1089, -408
1091, -409
1093, -409
1095, -410
1097, -411
1099, -412
1101, -413
1103, -413
1105, -414
1107, -415
1109, -416
1111, -417
1113, -417
1115, -418
1117, -419
1123, -421
1125, -422
1127, -423
1129, -423
1131, -424
1133, -425
1135, -426
1137, -427
1140, -428
1141, -428
1143, -429
1145, -430
1147, -430
1149, -431
1151, -432
1153, -433
1156, -434
1157, -434
1159, -435
1161, -436
1163, -437
1165, -437
1167, -438
1169, -439
1171, -440
1173, -440
1175, -441
1177, -442
1179, -443
1181, -443
1183, -444
1185, -445
1187, -446
1189, -447
1191, -447
1193, -448
1195, -449
1197, -450
1199, -451
1201, -451
1203, -452
1205, -453
1207, -454
1209, -454
1211, -455
1213, -456
1216, -457
1217, -457
1219, -459
1221, -459
1223, -460
1225, -461
1227, -461
1229, -462
1231, -463
1233, -464
1235, -464
1237, -465
1239, -466
1242, -467
1244, -468
1248, -469
1250, -470
1252, -471
1254, -472
1256, -473
1258, -473
1260, -474
1263, -475
1264, -476
1266, -477
1268, -477
1270, -478
1272, -479
1274, -480
1276, -480
1283, -483
1285, -484
1287, -485
1289, -485
1291, -486
1293, -487
1295, -488
1298, -489
1299, -489
1301, -490
1304, -491
1306, -492
1309, -493
1312, -494
1314, -495
1315, -495
1317, -496
1320, -497
1321, -497
1323, -498
1325, -499
1327, -500
1329, -501
1331, -501
1333, -502
1335, -503
1338, -504
1339, -505
1343, -506
1347, -507
1349, -508
1351, -509
1353, -510
1356, -511
1357, -511
1359, -512
1361, -513
1364, -514
1366, -515
1367, -515
1369, -516
1371, -517
1374, -518
1375, -518
1377, -519
1379, -520
1382, -521
1383, -521
1385, -522
1387, -523
1389, -524
1391, -524
1393, -525
1395, -526
1397, -527
1399, -527
1401, -528
1403, -529
1406, -530
1407, -531
1409, -531
1411, -532
1413, -533
1415, -534
1417, -534
1421, -536
1423, -537
1425, -537
1427, -538
1429, -539
1432, -540
1433, -540
1437, -542
1438, -542
1440, -543
1443, -544
1445, -545
1446, -545
1448, -546
1450, -547
1453, -548
1454, -549
1456, -549
1458, -550
1461, -551
1462, -552
1464, -553
1466, -553
1469, -554
1471, -555
1475, -557
1477, -558
1479, -558
1482, -559
1484, -560
1486, -561
1489, -562
1491, -563
1493, -563
1495, -564
1497, -565
1499, -566
1501, -567
1503, -567
1506, -568
1507, -569
1509, -569
1511, -570
1513, -571
1515, -572
1517, -573
1522, -575
1524, -575
1526, -576
1528, -577
1530, -578
1532, -579
1534, -579
1536, -580
1538, -581
1541, -582
1543, -583
1545, -583
1547, -584
1550, -585
1552, -586
1553, -586
1555, -587
1557, -588
1560, -589
1561, -589
1563, -590
1565, -591
1567, -592
1570, -593
1571, -593
1574, -595
1576, -596
1579, -596
1581, -597
1583, -598
1585, -599
1588, -600
1590, -601
1592, -602
1594, -603
1597, -603
1599, -604
1602, -605
1604, -606
1606, -607
1608, -608
1610, -609
1613, -610
1615, -611
1617, -611
1620, -612
1622, -613
1624, -614
1626, -615
1629, -616
1631, -617
1633, -617
1635, -619
1638, -619
1639, -620
1641, -621
1643, -621
1646, -622
1647, -623
1649, -624
1651, -625
1653, -626
1656, -626
1657, -627
1659, -628
1661, -629
1664, -629
1665, -630
1667, -631
1669, -632
1671, -633
1674, -633
1675, -634
1677, -635
1679, -635
1682, -637
1684, -637
1686, -638
1688, -639
1690, -639
1692, -640
1694, -641
1696, -642
1699, -643
1700, -644
1702, -645
1704, -645
1706, -646
1708, -647
1710, -648
1712, -649
1714, -649
1716, -650
1718, -651
1720, -651
1723, -653
1724, -653
1726, -654
1728, -655
1730, -655
1732, -656
1738, -659
1740, -659
1742, -660
1744, -661
1746, -661
1748, -662
1750, -663
1752, -664
1755, -665
1756, -665
1758, -666
1760, -667
1763, -668
1765, -669
1767, -670
1770, -671
1771, -671
1773, -672
1775, -673
1777, -674
1780, -675
1781, -675
1785, -677
1786, -677
1788, -678
1790, -679
1792, -679
1798, -682
1801, -683
1804, -684
1805, -684
1807, -685
1809, -686
1811, -687
1813, -687
1816, -689
1818, -689
1820, -690
1823, -691
1825, -692
1827, -693
1830, -694
1832, -695
1835, -696
1836, -696
1838, -697
1840, -698
1843, -699
1845, -700
1850, -702
1853, -703
1855, -704
1857, -705
1859, -705
1862, -706
1863, -707
1865, -707
1867, -708
1869, -709
1872, -710
1873, -711
1875, -711
1877, -712
1879, -713
1881, -714
1883, -715
1885, -715
1887, -716
1889, -717
1891, -717
1893, -718
1895, -719
1897, -720
1899, -721
1901, -721
1903, -722
1905, -723
1907, -724
1909, -724
1911, -725
1913, -726
1915, -727
1917, -727
1919, -728
1921, -729
1923, -730
1926, -731
1927, -731
1936, -735
1938, -735
1939, -736
1942, -737
1943, -737
1946, -739
1948, -739
1951, -740
1952, -741
1954, -742
1957, -743
1958, -743
1960, -744
1962, -745
1964, -746
1967, -747
1968, -747
1970, -748
1972, -749
1975, -749
1977, -750
1979, -751
1981, -752
1984, -753
1986, -754
1988, -755
1991, -755
1992, -756
1994, -757
1996, -757
1998, -758
2000, -759
2002, -760
2004, -761
2006, -761
2012, -764
2014, -765
2016, -765
2018, -766
2020, -767
2022, -767
2024, -769
2027, -769
2028, -770
2030, -771
2032, -771
2034, -772
2037, -773
2039, -774
2041, -775
2043, -776
2046, -776
2048, -777
2050, -778
2052, -779
2054, -779
2056, -780
2058, -781
2060, -782
2062, -783
2064, -783
2066, -784
2068, -785
2071, -786
2072, -787
2074, -787
2076, -788
2078, -789
2080, -789
2082, -790
2084, -791
2086, -792
2088, -793
2090, -793
2092, -794
2094, -795
2097, -796
2099, -797
2101, -798
2103, -798
2105, -799
2107, -800
2109, -801
2111, -801
2113, -802
2115, -803
2117, -803
2119, -804
2121, -805
2124, -806
2125, -807
2127, -807
2129, -808
2131, -809
2133, -810
2135, -810
2137, -811
2139, -812
2141, -813
2143, -813
2145, -814
2147, -815
2149, -816
2151, -817
2153, -817
2156, -819
2157, -819
2159, -820
2161, -821
2163, -821
2165, -822
2167, -823
2169, -823
2171, -824
2173, -825
2175, -826
2177, -826
2179, -827
2181, -828
2183, -829
2185, -829
2187, -830
2189, -831
2191, -832
2193, -833
2195, -833
2197, -834
2199, -835
2201, -836
2203, -837
2205, -837
2207, -838
2209, -839
2211, -840
2213, -840
2215, -841
2217, -842
2219, -843
2221, -843
2223, -844
2225, -845
2227, -846
2229, -846
2231, -847
2233, -848
2235, -849
2237, -850
2239, -850
2241, -851
2243, -852
2245, -853
2248, -854
2250, -854
2252, -855
2255, -856
2256, -857
2258, -857
2260, -858
2265, -861
2268, -861
2269, -862
2271, -863
2273, -864
2275, -864
2277, -865
2279, -866
2281, -867
2284, -867
2286, -868
2287, -869
2289, -870
2291, -871
2293, -871
2296, -872
2298, -873
2300, -874
2303, -875
2304, -875
2306, -876
2308, -877
2310, -878
2312, -878
2314, -879
2318, -881
2321, -882
2322, -882
2324, -883
2326, -884
2329, -885
2330, -885
2332, -886
2334, -887
2336, -888
2339, -889
2340, -889
2342, -890
2344, -891
2346, -892
2349, -893
2350, -893
2352, -894
2354, -895
2357, -896
2359, -896
2361, -897
2363, -898
2366, -899
2368, -900
2370, -901
2372, -902
2374, -902
2376, -903
2378, -904
2380, -905
2382, -905
2384, -906
2386, -907
2388, -908
2390, -909
2392, -909
2394, -910
2397, -911
2399, -912
2401, -913
2403, -914
2405, -915
2407, -915
2409, -916
2411, -917
2413, -918
2415, -918
2417, -919
2419, -920
2421, -920
2423, -921
2425, -922
2427, -923
2429, -924
2433, -925
2435, -926
2438, -927
2440, -928
2442, -929
2444, -929
2446, -930
2450, -932
2452, -933
2454, -933
2456, -934
2458, -935
2460, -936
2462, -936
2464, -937
2466, -938
2468, -939
2470, -939
2472, -940
2474, -941
2476, -942
2478, -943
2481, -943
2483, -944
2485, -945
2487, -946
2489, -947
2491, -947
2493, -948
2495, -949
2497, -949
2499, -950
2501, -951
2504, -952
2505, -953
2507, -953
2509, -954
2511, -955
2513, -956
2515, -957
2517, -957
2519, -958
2521, -959
2523, -960
2525, -961
2527, -961
2529, -962
2532, -963
2533, -963
2535, -964
2537, -965
2540, -966
2541, -967
2543, -967
2545, -968
2547, -969
2549, -969
2551, -970
2553, -971
2556, -972
2557, -973
2559, -973
2561, -974
2563, -975
2565, -975
2567, -976
2569, -977
2571, -978
2573, -979
2575, -979
2577, -980
2579, -981
2581, -982
2583, -983
2585, -983
2587, -984
2589, -985
2591, -986
2593, -986
2595, -987
2597, -988
2599, -989
2602, -990
2604, -991
2606, -991
2608, -992
2612, -994
2615, -995
2617, -995
2620, -997
2621, -997
2623, -998
2625, -999
2627, -999
2629, -1000
2631, -1001
2633, -1001
2638, -1003
2640, -1004
2642, -1005
2644, -1006
2646, -1007
2648, -1007
2651, -1008
2652, -1009
2654, -1009
2658, -1011
2662, -1013
2663, -1013
2665, -1014
2667, -1015
2669, -1015
2671, -1016
2673, -1017
2675, -1018
2678, -1019
2679, -1019
2681, -1020
2683, -1021
2685, -1021
2688, -1022
2689, -1023
2691, -1024
2693, -1025
2695, -1025
2697, -1026
2699, -1027
2701, -1027
2703, -1028
2705, -1029
2707, -1030
2709, -1031
2711, -1031
2714, -1032
2715, -1033
2717, -1033
2719, -1035
2722, -1035
2723, -1036
2725, -1037
2727, -1037
2730, -1038
2731, -1039
2733, -1039
2735, -1040
2737, -1041
2740, -1042
2742, -1043
2744, -1044
2746, -1045
2748, -1045
2750, -1046
2752, -1047
2755, -1048
2757, -1049
2759, -1049
2762, -1051
2764, -1051
2766, -1052
2769, -1053
2770, -1053
2772, -1054
2774, -1055
2776, -1056
2778, -1057
2780, -1057
2782, -1058
2785, -1059
2786, -1060
2788, -1061
2791, -1061
2792, -1062
2794, -1063
2796, -1063
2798, -1064
2800, -1065
2802, -1066
2804, -1067
2806, -1067
2809, -1068
2810, -1069
2812, -1069
2814, -1071
2816, -1071
2818, -1072
2820, -1073
2822, -1073
2824, -1074
2828, -1076
2830, -1077
2833, -1077
2834, -1078
2836, -1079
2838, -1080
2840, -1081
2843, -1081
2844, -1082
2847, -1083
2849, -1084
2851, -1085
2853, -1085
2855, -1086
2858, -1087
2860, -1088
2863, -1089
2865, -1090
2867, -1091
2869, -1091
2871, -1092
2873, -1093
2875, -1094
2877, -1095
2880, -1095
2881, -1096
2883, -1097
2885, -1098
2887, -1098
2889, -1099
2891, -1100
2893, -1101
2895, -1101
2897, -1102
2899, -1103
2901, -1104
2903, -1105
2905, -1105
2907, -1106
2909, -1107
2911, -1107
2913, -1109
2915, -1109
2918, -1110
2919, -1111
2921, -1111
2923, -1112
2926, -1113
2927, -1113
2937, -1117
2939, -1118
2942, -1120
2945, -1121
2946, -1121
2948, -1122
2950, -1123
2952, -1123
2954, -1124
2956, -1125
2958, -1126
2960, -1127
2962, -1127
2964, -1128
2966, -1129
2968, -1130
2970, -1131
2972, -1131
2974, -1132
2976, -1133
2978, -1133
2981, -1135
2982, -1135
2985, -1136
2987, -1137
2989, -1138
2991, -1138
2993, -1139
2995, -1140
2997, -1141
2999, -1141
3001, -1142
3003, -1143
3005, -1144
3007, -1145
3009, -1145
3011, -1146
3014, -1147
3015, -1148
3020, -1149
3023, -1151
3024, -1151
3026, -1152
3028, -1153
3030, -1154
3032, -1154
3034, -1155
3036, -1156
3038, -1157
3040, -1157
3045, -1159
3047, -1160
3050, -1161
3051, -1161
3053, -1162
3055, -1163
3057, -1164
3059, -1165
3061, -1165
3063, -1166
3066, -1167
3067, -1168
3069, -1168
3071, -1169
3073, -1170
3076, -1171
3077, -1171
3079, -1173
3081, -1173
3084, -1174
3085, -1175
3087, -1175
3089, -1177
3091, -1177
3093, -1178
3095, -1179
3097, -1179
3099, -1180
3101, -1181
3103, -1182
3105, -1183
3108, -1183
3109, -1184
3111, -1185
3113, -1186
3115, -1186
3117, -1187
3119, -1188
3121, -1189
3123, -1189
3125, -1190
3127, -1191
3129, -1192
3132, -1192
3133, -1193
3135, -1194
3137, -1195
3139, -1195
3141, -1196
3143, -1197
3145, -1198
3147, -1199
3149, -1199
3151, -1200
3153, -1201
3155, -1202
3157, -1202
3159, -1203
3161, -1204
3163, -1205
3165, -1205
3167, -1206
3169, -1207
3171, -1208
3173, -1208
3175, -1209
3177, -1210
3179, -1211
3181, -1211
3183, -1212
3185, -1213
3188, -1214
3190, -1215
3192, -1216
3195, -1217
3196, -1217
3198, -1218
3200, -1219
3202, -1220
3204, -1220
3209, -1222
3210, -1223
3212, -1223
3214, -1224
3216, -1225
3218, -1225
3220, -1226
3222, -1227
3226, -1229
3228, -1229
3230, -1230
3232, -1231
3234, -1232
3237, -1233
3238, -1233
3240, -1234
3242, -1235
3245, -1235
3246, -1236
3248, -1237
3250, -1238
3252, -1239
3254, -1239
3256, -1240
3258, -1241
3260, -1242
3263, -1242
3264, -1243
3266, -1244
3268, -1245
3270, -1245
3272, -1246
3274, -1247
3276, -1248
3278, -1248
3280, -1249
3282, -1250
3284, -1251
3286, -1251
3288, -1252
3290, -1253
3292, -1254
3294, -1254
3296, -1255
3298, -1256
3300, -1257
3302, -1257
3304, -1258
3306, -1259
3308, -1260
3310, -1261
3312, -1261
3314, -1262
3316, -1263
3318, -1263
3320, -1264
3322, -1265
3324, -1266
3326, -1267
3328, -1267
3330, -1268
3332, -1269
3334, -1270
3336, -1271
3338, -1271
3341, -1272
3343, -1273
3345, -1274
3347, -1275
3349, -1275
3351, -1276
3353, -1277
3355, -1277
3357, -1278
3359, -1279
3361, -1280
3363, -1281
3366, -1281
3367, -1282
3370, -1283
3371, -1283
3373, -1284
3375, -1285
3377, -1286
3379, -1287
3381, -1287
3384, -1289
3390, -1291
3391, -1291
3393, -1292
3396, -1293
3397, -1293
3399, -1294
3401, -1295
3403, -1296
3406, -1297
3407, -1297
3409, -1298
3411, -1299
3413, -1300
3415, -1300
3417, -1301
3419, -1302
3421, -1303
3423, -1303
3425, -1304
3427, -1305
3429, -1306
3433, -1307
3435, -1308
3437, -1309
3439, -1309
3441, -1310
3448, -1313
3450, -1314
3454, -1315
3457, -1316
3458, -1317
3460, -1317
3462, -1318
3464, -1319
3467, -1320
3468, -1321
3470, -1321
3472, -1322
3474, -1323
3476, -1323
3478, -1324
3480, -1325
3482, -1326
3484, -1327
3488, -1328
3489, -1328
3491, -1329
3493, -1330
3495, -1331
3498, -1332
3499, -1332
3501, -1333
3503, -1334
3506, -1335
3508, -1336
3510, -1336
3512, -1337
3514, -1338
3516, -1339
3518, -1339
3520, -1340
3522, -1341
3524, -1342
3527, -1343
3528, -1343
3530, -1344
3532, -1345
3534, -1346
3536, -1346
3538, -1347
3540, -1348
3542, -1349
3544, -1349
3546, -1350
3548, -1351
3550, -1352
3552, -1353
3554, -1353
3556, -1354
3558, -1355
3560, -1356
3562, -1357
3564, -1357
3566, -1358
3569, -1359
3571, -1360
3573, -1360
3575, -1361
3577, -1362
3579, -1363
3582, -1364
3583, -1364
3585, -1365
3587, -1366
3589, -1367
3592, -1368
3594, -1369
3596, -1369
3598, -1370
3600, -1371
3612, -1375
3615, -1377
3617, -1378
3620, -1379
3621, -1379
3623, -1380
3625, -1381
3628, -1381
3629, -1382
3631, -1383
3633, -1384
3635, -1385
3638, -1385
3640, -1386
3642, -1387
3644, -1388
3646, -1389
3648, -1389
3650, -1390
3652, -1391
3654, -1392
3656, -1393
3658, -1393
3660, -1394
3662, -1395
3665, -1396
3666, -1396
3668, -1397
3670, -1398
3672, -1399
3674, -1399
3676, -1400
3678, -1401
3680, -1402
3682, -1403
3684, -1403
3686, -1404
3688, -1405
3690, -1405
3692, -1406
3694, -1407
3696, -1408
3699, -1409
3700, -1409
3702, -1410
3704, -1411
3707, -1412
3709, -1413
3711, -1414
3713, -1414
3715, -1415
3717, -1416
3719, -1417
3721, -1418
3723, -1418
3725, -1419
3727, -1420
3729, -1421
3731, -1421
3733, -1422
3735, -1423
3737, -1424
3739, -1424
3741, -1425
3743, -1426
3746, -1427
3747, -1427
3749, -1428
3751, -1429
3754, -1430
3757, -1431
3758, -1432
3760, -1433
3762, -1433
3764, -1434
3766, -1435
3769, -1436
3770, -1436
3772, -1437
3774, -1438
3776, -1439
3778, -1439
3780, -1440
3784, -1441
3785, -1442
3787, -1443
3789, -1444
3791, -1445
3793, -1445
3795, -1446
3797, -1447
3799, -1447
3801, -1448
3805, -1450
3809, -1451
3811, -1452
3813, -1453
3815, -1453
3817, -1454
3819, -1455
3821, -1455
3823, -1456
3825, -1457
3827, -1458
3829, -1459
3831, -1459
3833, -1460
3835, -1461
3837, -1462
3839, -1463
3841, -1463
3843, -1464
3845, -1465
3847, -1466
3849, -1466
3851, -1467
3853, -1468
3855, -1469
3857, -1469
3860, -1470
3862, -1471
3864, -1472
3866, -1473
3868, -1473
3870, -1474
3872, -1475
3875, -1476
3876, -1476
3878, -1477
3880, -1478
3882, -1479
3884, -1479
3886, -1481
3888, -1481
3890, -1482
3892, -1483
3894, -1483
3896, -1484
3898, -1485
3900, -1486
3902, -1487
3904, -1487
3906, -1488
3908, -1489
3910, -1489
3912, -1490
3914, -1491
3916, -1492
3918, -1492
3920, -1493
3923, -1494
3924, -1495
3926, -1495
3928, -1496
3930, -1497
3932, -1498
3934, -1498
3936, -1499
3944, -1502
3946, -1503
3948, -1504
3951, -1505
3953, -1506
3955, -1506
3957, -1507
3960, -1508
3962, -1509
3964, -1510
3966, -1511
3968, -1511
3970, -1512
3972, -1513
3974, -1513
3979, -1516
3982, -1517
3983, -1517
3985, -1518
3987, -1519
3990, -1519
3991, -1520
3993, -1521
3995, -1521
3997, -1522
3999, -1523
4001, -1524
4003, -1524
4005, -1525
4007, -1526
4009, -1527
4011, -1527
4013, -1528
4015, -1529
4017, -1530
4021, -1531
4023, -1532
4025, -1533
4027, -1533
4029, -1534
4031, -1535
4033, -1536
4035, -1537
4037, -1537
4039, -1538
4041, -1539
4043, -1540
4045, -1541
4048, -1541
4049, -1542
4051, -1543
4053, -1543
4055, -1544
4057, -1545
4059, -1545
4061, -1546
4063, -1547
4065, -1548
4067, -1549
4069, -1549
4071, -1550
4073, -1551
4075, -1551
4077, -1552
4079, -1553
4081, -1554
4084, -1555
4085, -1555
4087, -1556
4089, -1557
4091, -1558
4093, -1559
4095, -1559
4097, -1560
4099, -1561
4101, -1561
4103, -1562
4105, -1563
4107, -1564
4109, -1565
4111, -1565
4113, -1566
4115, -1567
4117, -1568
4119, -1568
4121, -1569
4123, -1570
4125, -1571
4127, -1571
4129, -1572
4132, -1573
4134, -1574
4136, -1575
4138, -1575
4140, -1576
4142, -1577
4144, -1578
4146, -1579
4148, -1579
4150, -1580
4152, -1581
4154, -1582
4156, -1583
4158, -1583
4160, -1584
4162, -1585
4164, -1585
4166, -1586
4168, -1587
4171, -1588
4172, -1589
4174, -1589
4176, -1590
4178, -1591
4181, -1592
4182, -1592
4184, -1593
4186, -1594
4189, -1595
4190, -1595
4194, -1597
4196, -1598
4198, -1598
4200, -1599
4202, -1600
4204, -1601
4206, -1601
4208, -1602
4210, -1603
4212, -1604
4214, -1605
4216, -1605
4218, -1606
4221, -1607
4223, -1608
4225, -1609
4227, -1610
4229, -1611
4231, -1611
4233, -1612
4235, -1613
4237, -1613
4239, -1614
4241, -1615
4243, -1616
4245, -1616
4247, -1617
4249, -1618
4252, -1619
4253, -1619
4255, -1620
4257, -1621
4259, -1622
4261, -1623
4263, -1623
4266, -1624
4267, -1625
4269, -1626
4272, -1627
4275, -1628
4276, -1628
4278, -1629
4280, -1630
4282, -1631
4284, -1631
4286, -1632
4288, -1633
4290, -1634
4292, -1635
4294, -1635
4296, -1636
4298, -1637
4300, -1637
4302, -1638
4304, -1639
4306, -1640
4308, -1641
4310, -1641
4312, -1642
4314, -1643
4316, -1643
4318, -1645
4320, -1645
4323, -1646
4324, -1647
4326, -1648
4328, -1648
4330, -1649
4332, -1650
4334, -1651
4336, -1651
4338, -1652
4340, -1653
4343, -1654
4345, -1655
4348, -1656
4349, -1657
4351, -1657
4353, -1658
4355, -1659
4357, -1659
4359, -1660
4361, -1661
4363, -1662
4365, -1663
4367, -1663
4369, -1664
4371, -1665
4373, -1665
4377, -1667
4379, -1668
4381, -1669
4383, -1669
4385, -1670
4387, -1671
4390, -1672
4391, -1672
4393, -1673
4395, -1674
4397, -1675
4399, -1675
4401, -1676
4403, -1677
4406, -1678
4407, -1679
4409, -1679
4411, -1680
4413, -1681
4415, -1682
4417, -1682
4419, -1683
4422, -1684
4424, -1685
4427, -1686
4428, -1687
4430, -1687
4435, -1689
4440, -1691
4443, -1692
4444, -1693
4446, -1693
4448, -1694
4451, -1695
4453, -1696
4455, -1697
4457, -1698
4460, -1699
4461, -1699
4463, -1700
4466, -1701
4467, -1701
4469, -1702
4471, -1703
4473, -1704
4475, -1704
4477, -1705
4482, -1707
4484, -1708
4486, -1709
4488, -1709
4490, -1710
4492, -1711
4494, -1711
4496, -1712
4498, -1713
4500, -1714
4502, -1714
4504, -1715
4506, -1716
4508, -1717
4510, -1718
4512, -1718
4515, -1719
4516, -1720
4518, -1721
4521, -1722
4524, -1723
4525, -1723
4527, -1724
4529, -1725
4531, -1726
4534, -1727
4535, -1727
4537, -1728
4539, -1729
4541, -1729
4543, -1730
4545, -1731
4547, -1732
4549, -1733
4551, -1733
4553, -1734
4555, -1735
4557, -1735
4560, -1736
4562, -1737
4565, -1738
4567, -1739
4570, -1740
4571, -1741
4573, -1741
4575, -1742
4577, -1743
4579, -1743
4581, -1744
4584, -1745
4585, -1746
4588, -1747
4591, -1748
4592, -1748
4594, -1749
4596, -1750
4598, -1751
4600, -1751
4602, -1752
4604, -1753
4606, -1754
4609, -1755
4610, -1755
4612, -1756
4614, -1757
4616, -1757
4618, -1758
4620, -1759
4622, -1760
4624, -1761
4626, -1761
4628, -1762
4630, -1763
4632, -1764
4634, -1764
4636, -1765
4638, -1766
4640, -1767
4642, -1767
4645, -1768
4647, -1769
4651, -1770
4652, -1771
4654, -1772
4656, -1773
4658, -1773
4660, -1774
4662, -1775
4664, -1775
4666, -1776
4668, -1777
4670, -1778
4672, -1779
4674, -1779
4676, -1780
4678, -1781
4680, -1781
4682, -1782
4684, -1783
4687, -1784
4688, -1784
4690, -1785
4692, -1786
4694, -1787
4696, -1787
4698, -1788
4700, -1789
4702, -1790
4704, -1790
4706, -1791
4708, -1792
4710, -1793
4712, -1793
4714, -1794
4717, -1795
4718, -1796
4720, -1796
4722, -1797
4724, -1798
4726, -1799
4728, -1799
4730, -1801
4732, -1801
4734, -1802
4736, -1803
4738, -1803
4740, -1804
4742, -1805
4744, -1805
4746, -1806
4748, -1807
4750, -1808
4752, -1809
4755, -1810
4756, -1810
4758, -1811
4760, -1812
4762, -1812
4764, -1813
4766, -1814
4768, -1815
4770, -1815
4773, -1816
4775, -1817
4777, -1818
4779, -1819
4781, -1819
4784, -1821
4785, -1821
4787, -1822
4789, -1823
4791, -1823
4793, -1824
4795, -1825
4797, -1826
4799, -1827
4801, -1827
4803, -1828
4805, -1829
4808, -1830
4811, -1831
4813, -1832
4816, -1833
4817, -1833
4819, -1834
4821, -1835
4823, -1835
4825, -1836
4827, -1837
4829, -1838
4831, -1839
4833, -1839
4835, -1840
4837, -1841
4839, -1842
4841, -1843
4843, -1843
4845, -1844
4847, -1845
4849, -1845
4851, -1846
4853, -1847
4855, -1848
4858, -1849
4859, -1849
4861, -1850
4863, -1851
4865, -1852
4867, -1852
4869, -1853
4871, -1854
4873, -1855
4875, -1855
4877, -1856
4879, -1857
4881, -1858
4883, -1858
4885, -1859
4887, -1860
4889, -1861
4892, -1862
4893, -1862
4895, -1863
4897, -1864
4900, -1865
4901, -1865
4903, -1866
4905, -1867
4907, -1868
4909, -1869
4911, -1869
4913, -1870
4915, -1871
4917, -1871
4919, -1872
4921, -1873
4923, -1874
4925, -1875
4927, -1875
4929, -1876
4931, -1877
4933, -1877
4935, -1878
4937, -1879
4946, -1883
4948, -1883
4950, -1884
4952, -1885
4954, -1885
4956, -1886
4958, -1887
4960, -1888
4962, -1889
4964, -1889
4966, -1890
4969, -1891
4970, -1892
4972, -1892
4974, -1893
4977, -1894
4978, -1895
4980, -1895
4982, -1897
4984, -1897
4987, -1898
4989, -1899
4991, -1900
4993, -1901
4996, -1902
4998, -1902
5000, -1903
