Time, Count
0, 0
1, 0
3, 0
5, 0
7, 0
9, 0
11, 0
13, 0
15, 0
17, 0
19, 0
21, 0
23, 0
25, 1
27, 1
31, 1
33, 1
35, 1
37, 2
39, 2
41, 2
43, 2
45, 2
47, 2
49, 3
51, 3
53, 3
55, 4
57, 4
59, 4
61, 4
64, 4
66, 5
69, 5
70, 5
72, 6
74, 6
77, 6
78, 6
80, 7
82, 7
84, 7
87, 8
88, 8
90, 8
93, 9
96, 9
98, 9
100, 10
102, 10
104, 10
106, 10
108, 11
110, 11
112, 12
115, 12
116, 12
118, 12
120, 13
122, 13
124, 13
126, 14
128, 14
130, 14
132, 15
134, 15
136, 15
139, 16
140, 16
142, 16
145, 17
146, 17
148, 17
150, 18
152, 18
154, 18
156, 18
158, 19
160, 19
163, 20
164, 20
166, 20
168, 20
171, 21
173, 21
175, 22
177, 22
179, 22
181, 22
184, 23
185, 23
187, 23
189, 24
192, 24
193, 24
195, 25
197, 25
199, 25
203, 26
205, 26
207, 27
209, 27
212, 28
216, 28
218, 29
220, 29
222, 29
224, 30
226, 30
228, 30
230, 31
232, 31
234, 31
236, 32
238, 32
240, 32
242, 33
244, 33
246, 33
248, 34
250, 34
252, 34
254, 35
256, 35
258, 35
260, 36
263, 36
264, 36
266, 37
268, 37
270, 37
272, 38
274, 38
276, 38
279, 39
281, 39
284, 40
286, 40
288, 40
290, 40
293, 41
294, 41
296, 42
298, 42
300, 42
303, 43
304, 43
306, 43
308, 44
311, 44
312, 44
314, 44
316, 45
318, 45
320, 45
322, 46
324, 46
326, 46
328, 47
330, 47
332, 48
334, 48
336, 48
338, 48
340, 49
342, 49
345, 50
348, 50
349, 50
351, 50
354, 51
357, 52
358, 52
360, 52
362, 52
364, 53
366, 53
368, 53
371, 54
372, 54
374, 54
376, 55
379, 55
380, 55
383, 56
384, 56
386, 56
388, 57
390, 57
392, 57
394, 58
396, 58
399, 58
402, 59
404, 60
406, 60
408, 60
410, 60
412, 61
414, 61
417, 62
419, 62
421, 62
423, 63
425, 63
429, 64
431, 64
433, 64
435, 64
437, 65
439, 65
441, 66
443, 66
445, 66
447, 66
450, 67
451, 67
453, 67
455, 68
457, 68
459, 68
461, 69
463, 69
465, 69
467, 70
469, 70
471, 70
473, 71
475, 71
477, 71
486, 73
489, 73
490, 73
492, 74
495, 74
496, 74
498, 75
500, 75
502, 75
504, 76
506, 76
508, 76
510, 77
512, 77
515, 78
517, 78
519, 78
521, 78
523, 79
528, 80
530, 80
532, 80
534, 81
537, 81
538, 81
540, 82
542, 82
544, 82
547, 83
548, 83
550, 83
552, 84
556, 84
558, 84
560, 85
562, 85
564, 86
566, 86
568, 86
570, 86
572, 87
574, 87
576, 88
578, 88
580, 88
582, 88
584, 89
587, 89
589, 90
591, 90
593, 90
595, 90
597, 91
599, 91
602, 92
603, 92
605, 92
607, 92
609, 93
611, 93
613, 93
616, 94
621, 95
623, 95
625, 95
627, 96
629, 96
631, 96
633, 97
636, 97
638, 98
640, 98
642, 98
644, 98
646, 99
648, 99
650, 100
652, 100
654, 100
656, 100
658, 101
660, 101
662, 102
665, 102
666, 102
668, 103
670, 103
673, 103
674, 104
676, 104
678, 104
680, 105
683, 105
684, 105
686, 106
688, 106
691, 106
692, 106
694, 107
696, 107
698, 108
700, 108
702, 108
704, 108
706, 109
708, 109
710, 110
712, 110
714, 110
717, 111
719, 111
721, 111
723, 112
725, 112
727, 112
729, 113
731, 113
733, 113
735, 114
737, 114
739, 114
741, 114
743, 115
746, 115
747, 116
749, 116
751, 116
754, 116
755, 117
757, 117
759, 118
761, 118
763, 118
765, 118
768, 119
769, 119
772, 120
773, 120
775, 120
778, 120
779, 121
781, 121
784, 121
786, 122
788, 122
793, 123
794, 123
796, 124
798, 124
800, 124
802, 124
804, 125
807, 125
808, 126
810, 126
812, 126
814, 126
817, 127
819, 127
821, 128
823, 128
825, 128
827, 129
829, 129
831, 129
833, 130
835, 130
838, 130
839, 131
841, 131
847, 132
849, 132
851, 133
853, 133
855, 133
857, 134
859, 134
861, 134
863, 135
865, 135
867, 136
869, 136
871, 136
873, 136
875, 137
878, 137
879, 137
881, 138
883, 138
885, 138
887, 138
889, 139
891, 139
893, 139
895, 140
897, 140
899, 140
901, 141
903, 141
905, 141
908, 142
910, 142
912, 142
914, 143
916, 143
918, 144
920, 144
923, 144
925, 145
927, 145
929, 145
931, 146
933, 146
935, 146
937, 147
939, 147
941, 147
943, 148
945, 148
948, 148
949, 148
951, 149
953, 149
955, 150
957, 150
959, 150
961, 150
963, 151
965, 151
967, 152
969, 152
971, 152
973, 152
975, 153
977, 153
979, 154
981, 154
983, 154
989, 155
991, 156
993, 156
995, 156
998, 157
999, 157
1001, 157
1003, 158
1005, 158
1010, 159
1013, 159
1015, 159
1018, 160
1020, 160
1022, 160
1025, 161
1026, 161
1028, 161
1030, 162
1032, 162
1034, 162
1036, 163
1038, 163
1040, 163
1042, 164
1045, 164
1046, 164
1048, 165
1050, 165
1053, 165
1054, 166
1056, 166
1058, 166
1060, 167
1062, 167
1064, 167
1066, 168
1068, 168
1070, 168
1072, 168
1074, 169
1077, 169
1078, 170
1081, 170
1082, 170
1084, 170
1086, 171
1089, 171
1090, 171
1092, 172
1094, 172
1096, 172
1099, 173
1100, 173
1102, 173
1104, 174
1106, 174
1108, 174
1110, 175
1112, 175
1114, 175
1116, 176
1119, 176
1123, 177
1125, 177
1127, 178
1129, 178
1131, 178
1133, 178
1135, 179
1137, 179
1140, 180
1142, 180
1144, 180
1146, 180
1150, 181
1151, 181
1153, 182
1155, 182
1157, 182
1159, 183
1161, 183
1163, 183
1165, 184
1167, 184
1169, 184
1171, 185
1173, 185
1175, 185
1177, 186
1179, 186
1181, 186
1183, 186
1185, 187
1187, 187
1189, 188
1191, 188
1193, 188
1195, 188
1197, 189
1199, 189
1201, 189
1203, 190
1205, 190
1207, 190
1209, 190
1211, 191
1213, 191
1215, 192
1217, 192
1219, 192
1222, 193
1223, 193
1225, 193
1227, 194
1229, 194
1231, 194
1233, 194
1235, 195
1237, 195
1239, 196
1241, 196
1243, 196
1245, 196
1247, 197
1250, 197
1251, 198
1253, 198
1255, 198
1257, 198
1259, 199
1261, 199
1263, 200
1265, 200
1267, 200
1269, 200
1271, 201
1273, 201
1275, 202
1280, 202
1281, 202
1283, 203
1285, 203
1287, 203
1289, 204
1291, 204
1293, 204
1295, 205
1297, 205
1300, 206
1301, 206
1303, 206
1305, 206
1307, 207
1309, 207
1311, 207
1313, 208
1315, 208
1317, 208
1319, 209
1321, 209
1323, 209
1325, 210
1328, 210
1329, 210
1331, 211
1333, 211
1335, 211
1337, 212
1339, 212
1341, 212
1343, 212
1345, 213
1347, 213
1350, 214
1351, 214
1353, 214
1355, 214
1357, 215
1359, 215
1361, 215
1363, 216
1365, 216
1367, 216
1369, 217
1371, 217
1373, 217
1375, 218
1378, 218
1379, 218
1381, 219
1383, 219
1385, 219
1387, 220
1389, 220
1391, 220
1393, 221
1395, 221
1397, 221
1399, 222
1402, 222
1404, 223
1406, 223
1408, 223
1410, 224
1412, 224
1414, 224
1416, 224
1418, 225
1420, 225
1422, 226
1424, 226
1426, 226
1428, 226
1430, 227
1433, 227
1434, 227
1436, 228
1438, 228
1441, 229
1443, 229
1446, 229
1447, 230
1449, 230
1451, 230
1453, 230
1455, 231
1457, 231
1459, 232
1461, 232
1463, 232
1465, 232
1467, 233
1469, 233
1471, 234
1474, 234
1475, 234
1477, 234
1479, 235
1483, 235
1485, 236
1487, 236
1495, 237
1497, 238
1501, 238
1503, 239
1505, 239
1508, 240
1511, 240
1513, 240
1515, 240
1517, 241
1519, 241
1521, 242
1523, 242
1526, 242
1527, 242
1529, 243
1531, 243
1534, 244
1535, 244
1537, 244
1539, 244
1542, 245
1544, 245
1546, 246
1548, 246
1550, 246
1552, 247
1554, 247
1556, 247
1558, 248
1563, 248
1566, 249
1567, 249
1569, 250
1571, 250
1573, 250
1575, 250
1577, 251
1579, 251
1588, 252
1591, 253
1592, 253
1594, 254
1596, 254
1598, 254
1600, 254
1602, 255
1605, 255
1606, 255
1608, 256
1610, 256
1612, 256
1614, 257
1618, 257
1620, 258
1622, 258
1624, 258
1626, 258
1628, 259
1630, 259
1632, 260
1634, 260
1636, 260
1638, 260
1640, 261
1642, 261
1644, 261
1646, 262
1651, 263
1653, 263
1655, 263
1657, 264
1659, 264
1662, 264
1664, 265
1666, 265
1668, 265
1670, 266
1673, 266
1675, 266
1677, 267
1680, 267
1681, 267
1683, 268
1686, 268
1687, 268
1689, 269
1691, 269
1694, 270
1696, 270
1698, 270
1700, 270
1702, 271
1704, 271
1706, 272
1708, 272
1710, 272
1713, 273
1715, 273
1717, 273
1719, 274
1721, 274
1723, 274
1725, 275
1728, 275
1729, 275
1731, 276
1733, 276
1735, 276
1737, 276
1739, 277
1741, 277
1743, 278
1745, 278
1747, 278
1749, 278
1751, 279
1753, 279
1755, 279
1757, 280
1759, 280
1761, 280
1764, 281
1765, 281
1767, 281
1769, 282
1771, 282
1773, 282
1775, 282
1777, 283
1780, 283
1782, 284
1784, 284
1786, 284
1788, 284
1790, 285
1792, 285
1795, 286
1796, 286
1798, 286
1800, 286
1803, 287
1804, 287
1806, 287
1808, 288
1810, 288
1812, 288
1815, 289
1817, 289
1819, 290
1821, 290
1823, 290
1825, 290
1827, 291
1829, 291
1831, 291
1833, 292
1835, 292
1837, 292
1839, 293
1842, 293
1844, 294
1846, 294
1848, 294
1851, 295
1852, 295
1854, 295
1856, 296
1858, 296
1860, 296
1862, 296
1864, 297
1867, 297
1868, 298
1870, 298
1872, 298
1874, 298
1876, 299
1879, 299
1881, 300
1882, 300
1884, 300
1886, 300
1888, 301
1890, 301
1892, 301
1894, 302
1896, 302
1900, 303
1902, 303
1904, 303
1906, 304
1908, 304
1910, 304
1912, 305
1914, 305
1917, 305
1918, 306
1920, 306
1922, 306
1924, 306
1926, 307
1928, 307
1930, 308
1932, 308
1934, 308
1936, 308
1938, 309
1940, 309
1942, 310
1944, 310
1946, 310
1948, 310
1950, 311
1953, 311
1956, 312
1958, 312
1960, 312
1962, 312
1964, 313
1966, 313
1969, 314
1970, 314
1972, 314
1975, 315
1977, 315
1979, 316
1981, 316
1983, 316
1985, 316
1990, 317
1992, 318
1995, 318
1996, 318
1998, 319
2000, 319
2002, 319
2004, 320
2006, 320
2008, 320
2010, 320
2012, 321
2014, 321
2016, 322
2019, 322
2020, 322
2024, 323
2025, 323
2027, 323
2029, 324
2031, 324
2033, 324
2035, 325
2037, 325
2039, 325
2041, 326
2044, 326
2046, 326
2048, 327
2051, 327
2052, 327
2054, 328
2057, 328
2059, 329
2061, 329
2063, 329
2065, 330
2067, 330
2069, 330
2071, 330
2073, 331
2076, 331
2077, 331
2079, 332
2081, 332
2083, 332
2085, 333
2087, 333
2089, 333
2091, 334
2093, 334
2095, 334
2097, 335
2099, 335
2101, 335
2103, 336
2105, 336
2107, 336
2110, 337
2111, 337
2113, 337
2115, 338
2117, 338
2119, 338
2121, 338
2123, 339
2126, 339
2127, 340
2129, 340
2131, 340
2133, 340
2135, 341
2137, 341
2139, 342
2141, 342
2143, 342
2145, 342
2147, 343
2149, 343
2151, 344
2155, 344
2157, 345
2160, 345
2161, 345
2163, 346
2165, 346
2167, 346
2169, 346
2172, 347
2173, 347
2175, 348
2178, 348
2181, 348
2183, 349
2185, 349
2187, 349
2189, 350
2191, 350
2193, 350
2195, 351
2197, 351
2199, 351
2201, 352
2203, 352
2205, 352
2207, 352
2209, 353
2211, 353
2213, 354
2215, 354
2218, 354
2220, 355
2222, 355
2224, 355
2226, 356
2228, 356
2230, 356
2233, 356
2234, 357
2236, 357
2238, 358
2240, 358
2242, 358
2244, 358
2246, 359
2248, 359
2250, 359
2252, 360
2254, 360
2257, 360
2259, 361
2261, 361
2263, 361
2265, 362
2267, 362
2269, 362
2271, 363
2274, 363
2275, 363
2277, 364
2279, 364
2282, 364
2283, 365
2285, 365
2287, 365
2289, 366
2291, 366
2293, 366
2295, 367
2298, 367
2300, 367
2302, 368
2304, 368
2306, 368
2308, 369
2310, 369
2312, 369
2314, 370
2316, 370
2319, 370
2320, 371
2322, 371
2324, 371
2327, 372
2328, 372
2330, 372
2332, 373
2334, 373
2336, 373
2338, 374
2340, 374
2342, 374
2344, 375
2346, 375
2348, 375
2350, 376
2352, 376
2354, 376
2356, 376
2359, 377
2361, 377
2363, 378
2365, 378
2367, 378
2369, 378
2371, 379
2373, 379
2375, 379
2377, 380
2379, 380
2381, 380
2384, 381
2385, 381
2387, 381
2389, 382
2391, 382
2393, 382
2395, 382
2397, 383
2399, 383
2401, 384
2403, 384
2405, 384
2407, 385
2409, 385
2411, 385
2413, 386
2415, 386
2417, 386
2419, 386
2421, 387
2423, 387
2425, 387
2427, 388
2429, 388
2431, 388
2433, 389
2435, 389
2437, 389
2440, 390
2441, 390
2443, 390
2445, 391
2447, 391
2449, 391
2451, 392
2453, 392
2455, 392
2457, 393
2460, 393
2462, 394
2464, 394
2467, 394
2468, 394
2470, 395
2472, 395
2474, 396
2476, 396
2478, 396
2480, 396
2482, 397
2484, 397
2486, 398
2496, 399
2498, 399
2501, 400
2503, 400
2505, 400
2507, 401
2510, 401
2511, 401
2513, 402
2516, 402
2519, 403
2520, 403
2523, 403
2526, 404
2528, 404
2530, 404
2533, 405
2536, 405
2537, 405
2539, 406
2542, 406
2544, 407
2546, 407
2548, 407
2550, 408
2552, 408
2554, 408
2556, 408
2558, 409
2560, 409
2562, 409
2564, 410
2566, 410
2568, 410
2570, 411
2572, 411
2574, 411
2576, 412
2578, 412
2581, 412
2583, 413
2585, 413
2587, 414
2589, 414
2591, 414
2593, 415
2595, 415
2598, 415
2599, 416
2601, 416
2603, 416
2605, 417
2607, 417
2609, 417
2611, 418
2613, 418
2615, 418
2617, 418
2619, 419
2621, 419
2623, 420
2625, 420
2627, 420
2629, 420
2631, 421
2633, 421
2635, 422
2637, 422
2640, 422
2641, 422
2643, 423
2645, 423
2647, 423
2649, 424
2651, 424
2653, 424
2659, 425
2661, 426
2663, 426
2665, 426
2667, 427
2669, 427
2671, 427
2673, 428
2675, 428
2677, 428
2679, 428
2683, 429
2685, 429
2686, 430
2688, 430
2690, 430
2692, 430
2694, 431
2696, 431
2698, 432
2700, 432
2702, 432
2704, 432
2706, 433
2708, 433
2710, 433
2712, 434
2714, 434
2717, 434
2718, 435
2720, 435
2722, 435
2724, 436
2726, 436
2728, 436
2731, 437
2732, 437
2734, 438
2736, 438
2738, 438
2741, 439
2742, 439
2744, 439
2746, 440
2748, 440
2750, 440
2752, 440
2754, 441
2757, 441
2758, 441
2760, 442
2762, 442
2764, 442
2766, 443
2775, 444
2778, 445
2781, 445
2783, 446
2786, 446
2788, 446
2790, 447
2792, 447
2795, 447
2796, 448
2798, 448
2800, 448
2802, 448
2804, 449
2806, 449
2808, 449
2810, 450
2812, 450
2814, 450
2816, 451
2818, 451
2820, 451
2823, 452
2824, 452
2826, 452
2828, 453
2830, 453
2832, 453
2834, 454
2836, 454
2838, 454
2840, 454
2842, 455
2844, 455
2846, 456
2848, 456
2850, 456
2852, 456
2854, 457
2856, 457
2858, 457
2860, 458
2863, 458
2864, 458
2866, 459
2868, 459
2870, 460
2873, 460
2874, 460
2876, 460
2878, 461
2880, 461
2882, 461
2884, 462
2886, 462
2888, 462
2890, 463
2892, 463
2894, 463
2896, 464
2898, 464
2900, 464
2902, 465
2904, 465
2906, 465
2908, 466
2910, 466
2913, 466
2914, 466
2921, 468
2924, 468
2925, 468
2927, 469
2929, 469
2931, 469
2933, 470
2935, 470
2937, 470
2939, 470
2941, 471
2943, 471
2946, 472
2947, 472
2949, 472
2951, 472
2954, 473
2955, 473
2957, 473
2959, 474
2961, 474
2964, 474
2966, 475
2968, 475
2970, 475
2972, 476
2974, 476
2976, 476
2978, 477
2980, 477
2982, 477
2984, 478
2986, 478
2988, 478
2990, 479
2995, 479
2997, 480
2999, 480
3001, 480
3004, 481
3006, 481
3008, 482
3011, 482
3012, 482
3014, 482
3016, 483
3018, 483
3020, 483
3022, 484
3024, 484
3026, 484
3028, 485
3030, 485
3032, 485
3034, 486
3037, 486
3038, 486
3040, 487
3043, 487
3045, 488
3047, 488
3050, 488
3053, 489
3054, 489
3056, 489
3058, 490
3060, 490
3062, 490
3064, 490
3066, 491
3069, 491
3070, 491
3072, 492
3074, 492
3076, 492
3079, 493
3080, 493
3082, 493
3085, 494
3086, 494
3088, 494
3090, 495
3092, 495
3094, 495
3096, 496
3098, 496
3100, 496
3102, 497
3105, 497
3106, 497
3108, 498
3110, 498
3113, 498
3114, 498
3116, 499
3118, 499
3121, 499
3122, 500
3125, 500
3126, 500
3128, 501
3130, 501
3132, 501
3134, 502
3136, 502
3138, 502
3140, 502
3142, 503
3145, 503
3147, 504
3149, 504
3151, 504
3153, 505
3155, 505
3157, 505
3159, 506
3161, 506
3163, 506
3165, 506
3167, 507
3169, 507
3171, 508
3173, 508
3175, 508
3177, 509
3179, 509
3181, 509
3183, 510
3185, 510
3187, 510
3189, 510
3191, 511
3193, 511
3195, 512
3197, 512
3199, 512
3201, 512
3203, 513
3205, 513
3207, 513
3209, 514
3211, 514
3213, 514
3215, 515
3217, 515
3219, 515
3221, 516
3223, 516
3225, 516
3228, 517
3229, 517
3231, 517
3233, 518
3236, 518
3237, 518
3239, 519
3241, 519
3244, 519
3249, 520
3251, 520
3253, 521
3255, 521
3258, 522
3259, 522
3261, 522
3263, 522
3265, 523
3267, 523
3269, 523
3271, 524
3273, 524
3276, 524
3277, 525
3279, 525
3281, 525
3283, 526
3285, 526
3287, 526
3289, 527
3291, 527
3293, 527
3296, 528
3298, 528
3300, 528
3302, 529
3304, 529
3306, 529
3308, 530
3311, 530
3312, 530
3314, 531
3316, 531
3320, 532
3321, 532
3323, 532
3325, 532
3328, 533
3330, 533
3332, 534
3334, 534
3336, 534
3338, 535
3341, 535
3343, 535
3346, 536
3348, 536
3350, 537
3353, 537
3354, 537
3356, 538
3359, 538
3360, 538
3362, 538
3364, 539
3366, 539
3369, 540
3370, 540
3372, 540
3374, 540
3377, 541
3379, 541
3381, 542
3384, 542
3386, 542
3391, 543
3394, 544
3395, 544
3397, 544
3399, 544
3401, 545
3403, 545
3405, 546
3407, 546
3409, 546
3411, 546
3413, 547
3415, 547
3417, 547
3419, 548
3421, 548
3423, 548
3425, 549
3427, 549
3429, 549
3431, 550
3434, 550
3435, 550
3437, 550
3439, 551
3441, 551
3444, 552
3446, 552
3448, 552
3451, 553
3455, 554
3459, 554
3461, 554
3463, 555
3466, 555
3468, 556
3470, 556
3472, 556
3475, 557
3477, 557
3479, 557
3481, 558
3484, 558
3485, 558
3487, 559
3489, 559
3496, 560
3498, 560
3500, 561
3509, 562
3511, 563
3513, 563
3515, 563
3517, 564
3519, 564
3521, 564
3523, 564
3525, 565
3527, 565
3530, 566
3531, 566
3533, 566
3535, 566
3538, 567
3539, 567
3541, 567
3544, 568
3546, 568
3549, 568
3550, 569
3552, 569
3554, 570
3559, 570
3561, 570
3564, 571
3566, 571
3568, 572
3570, 572
3572, 572
3574, 572
3576, 573
3578, 573
3580, 573
3582, 574
3584, 574
3586, 574
3589, 575
3590, 575
3592, 575
3594, 576
3597, 576
3599, 576
3601, 577
3603, 577
3605, 577
3607, 578
3609, 578
3611, 578
3613, 579
3615, 579
3617, 579
3619, 580
3621, 580
3623, 580
3625, 581
3628, 581
3630, 582
3632, 582
3634, 582
3636, 582
3638, 583
3640, 583
3642, 583
3644, 584
3646, 584
3648, 584
3650, 585
3652, 585
3654, 585
3656, 586
3658, 586
3661, 586
3663, 587
3665, 587
3667, 588
3669, 588
3671, 588
3673, 588
3675, 589
3677, 589
3679, 589
3681, 590
3683, 590
3685, 590
3687, 591
3689, 591
3691, 591
3693, 592
3695, 592
3697, 592
3699, 593
3701, 593
3703, 593
3705, 593
3707, 594
3709, 594
3711, 594
3714, 595
3715, 595
3717, 595
3719, 596
3722, 596
3724, 596
3726, 597
3728, 597
3731, 597
3732, 598
3734, 598
3740, 599
3741, 599
3743, 599
3745, 600
3748, 600
3750, 600
3754, 601
3756, 602
3759, 602
3761, 602
3763, 603
3766, 603
3768, 603
3770, 604
3772, 604
3775, 604
3777, 605
3783, 606
3785, 606
3788, 607
3790, 607
3792, 607
3795, 608
3797, 608
3799, 608
3801, 609
3804, 609
3806, 610
3810, 610
3813, 611
3814, 611
3816, 611
3818, 612
3820, 612
3823, 612
3825, 612
3826, 613
3828, 613
3830, 614
3833, 614
3834, 614
3836, 614
3839, 615
3843, 616
3845, 616
3847, 616
3849, 616
3852, 617
3853, 617
3855, 617
3857, 618
3860, 618
3861, 618
3863, 619
3865, 619
3867, 619
3870, 620
3873, 620
3875, 620
3878, 621
3880, 621
3882, 622
3884, 622
3886, 622
3888, 623
3893, 623
3896, 624
3897, 624
3900, 624
3902, 625
3904, 625
3906, 625
3908, 626
3910, 626
3913, 626
3914, 627
3916, 627
3918, 628
3920, 628
3923, 628
3925, 629
3928, 629
3929, 629
3931, 630
3933, 630
3936, 630
3938, 631
3940, 631
3942, 631
3945, 632
3947, 632
3949, 633
3951, 633
3954, 633
3956, 634
3958, 634
3960, 634
3963, 635
3964, 635
3966, 635
3968, 636
3970, 636
3973, 636
3975, 637
3977, 637
3979, 637
3981, 638
3983, 638
3985, 638
3987, 639
3989, 639
3991, 639
3993, 640
3995, 640
3999, 641
4001, 641
4003, 641
4006, 642
4007, 642
4009, 642
4011, 642
4013, 643
4015, 643
4017, 643
4019, 644
4021, 644
4023, 644
4025, 645
4027, 645
4029, 645
4031, 646
4033, 646
4035, 646
4037, 647
4040, 647
4042, 648
4044, 648
4046, 648
4048, 648
4050, 649
4052, 649
4054, 649
4060, 650
4062, 651
4064, 651
4066, 651
4068, 652
4070, 652
4072, 652
4074, 653
4076, 653
4078, 653
4080, 654
4082, 654
4084, 654
4086, 655
4088, 655
4090, 655
4093, 656
4094, 656
4096, 656
4098, 657
4100, 657
4103, 657
4105, 658
4107, 658
4110, 658
4111, 659
4113, 659
4115, 659
4117, 660
4120, 660
4122, 660
4124, 661
4126, 661
4129, 662
4130, 662
4132, 662
4134, 662
4136, 663
4139, 663
4140, 663
4142, 664
4144, 664
4146, 664
4148, 664
4150, 665
4153, 665
4154, 666
4156, 666
4158, 666
4161, 667
4162, 667
4164, 667
4166, 667
4169, 668
4170, 668
4172, 668
4174, 669
4176, 669
4178, 669
4180, 670
4182, 670
4184, 670
4186, 670
4188, 671
4190, 671
4195, 672
4197, 672
4199, 672
4201, 673
4203, 673
4205, 674
4207, 674
4209, 674
4211, 674
4213, 675
4215, 675
4217, 675
4219, 676
4221, 676
4223, 676
4225, 677
4227, 677
4229, 677
4232, 678
4233, 678
4235, 678
4237, 679
4239, 679
4241, 679
4243, 680
4245, 680
4247, 680
4249, 681
4251, 681
4253, 681
4255, 682
4257, 682
4259, 682
4262, 683
4263, 683
4265, 683
4267, 684
4269, 684
4271, 684
4273, 684
4275, 685
4277, 685
4279, 686
4282, 686
4283, 686
4285, 686
4287, 687
4289, 687
4291, 687
4293, 688
4295, 688
4297, 688
4300, 689
4301, 689
4303, 689
4305, 690
4307, 690
4309, 690
4311, 690
4313, 691
4315, 691
4317, 691
4320, 692
4323, 692
4325, 693
4327, 693
4329, 693
4331, 694
4333, 694
4335, 694
4337, 694
4340, 695
4341, 695
4343, 695
4345, 696
4347, 696
4349, 696
4351, 697
4353, 697
4355, 697
4357, 698
4359, 698
4361, 698
4363, 699
4365, 699
4367, 699
4369, 700
4371, 700
4373, 700
4375, 700
4377, 701
4379, 701
4382, 702
4384, 702
4386, 702
4388, 703
4390, 703
4392, 704
4396, 704
4397, 704
4399, 704
4401, 705
4403, 705
4405, 706
4407, 706
4409, 706
4411, 706
4413, 707
4415, 707
4417, 707
4419, 708
4421, 708
4424, 708
4426, 709
4428, 709
4431, 710
4432, 710
4434, 710
4436, 710
4438, 711
4440, 711
4442, 711
4444, 712
4446, 712
4448, 712
4450, 713
4452, 713
4454, 713
4456, 714
4458, 714
4461, 714
4464, 715
4465, 715
4467, 715
4469, 716
4472, 716
4474, 716
4476, 717
4478, 717
4481, 717
4482, 718
4484, 718
4486, 718
4489, 719
4491, 719
4493, 720
4495, 720
4498, 720
4499, 720
4507, 722
4510, 722
4512, 723
4514, 723
4516, 723
4518, 724
4520, 724
4522, 724
4524, 724
4526, 725
4528, 725
4531, 726
4532, 726
4534, 726
4536, 726
4538, 727
4540, 727
4542, 727
4544, 728
4546, 728
4549, 728
4551, 729
4553, 729
4555, 730
4557, 730
4560, 730
4562, 731
4564, 731
4567, 732
4568, 732
4570, 732
4572, 732
4574, 733
4577, 733
4578, 733
4580, 734
4582, 734
4585, 734
4586, 734
4588, 735
4590, 735
4592, 736
4595, 736
4596, 736
4598, 736
4600, 737
4602, 737
4605, 738
4606, 738
4608, 738
4610, 738
4612, 739
4614, 739
4616, 739
4618, 740
4620, 740
4623, 740
4625, 741
4627, 741
4629, 741
4632, 742
4633, 742
4635, 742
4637, 743
4640, 743
4641, 743
4643, 744
4646, 744
4648, 744
4651, 745
4654, 745
4655, 746
4657, 746
4659, 746
4661, 747
4664, 747
4666, 747
4668, 748
4670, 748
4672, 748
4674, 749
4676, 749
4678, 749
4681, 750
4682, 750
4684, 750
4686, 751
4689, 751
4690, 751
4692, 752
4694, 752
4696, 752
4699, 753
4700, 753
4702, 753
4704, 754
4707, 754
4709, 754
4711, 755
4713, 755
4716, 756
4717, 756
4719, 756
4721, 756
4724, 757
4727, 757
4728, 758
4730, 758
4732, 758
4735, 758
4736, 759
4738, 759
4740, 759
4742, 760
4747, 760
4748, 761
4750, 761
4752, 761
4754, 762
4756, 762
4758, 762
4760, 762
4762, 763
4764, 763
4766, 763
4768, 764
4770, 764
4772, 764
4774, 765
4776, 765
4778, 765
4780, 766
4782, 766
4784, 766
4786, 767
4788, 767
4790, 767
4792, 768
4794, 768
4796, 768
4798, 768
4800, 769
4802, 769
4804, 769
4806, 770
4808, 770
4810, 770
4812, 771
4814, 771
4816, 771
4818, 772
4820, 772
4822, 772
4824, 773
4826, 773
4828, 773
4830, 774
4832, 774
4834, 774
4836, 775
4838, 775
4840, 775
4842, 776
4844, 776
4846, 776
4848, 777
4850, 777
4852, 777
4854, 778
4856, 778
4859, 778
4860, 778
4862, 779
4864, 779
4866, 780
4868, 780
4870, 780
4872, 780
4875, 781
4877, 781
4879, 782
4881, 782
4883, 782
4886, 783
4888, 783
4891, 783
4893, 784
4895, 784
4898, 784
4899, 785
4901, 785
4903, 785
4905, 786
4908, 786
4909, 786
4911, 786
4913, 787
4915, 787
4917, 788
4919, 788
4921, 788
4924, 789
4926, 789
4928, 789
4934, 790
4936, 790
4939, 791
4940, 791
4942, 791
4944, 792
4947, 792
4948, 792
4951, 793
4953, 793
4955, 793
4957, 794
4959, 794
4961, 794
4963, 795
4965, 795
4967, 795
4969, 796
4971, 796
4974, 796
4975, 797
4977, 797
4979, 797
4981, 798
4983, 798
4987, 799
4989, 799
4991, 799
4993, 800
4995, 800
4997, 800
4999, 801
5001, 801
