Time, Count
0, 0
2, 0
5, 0
8, 0
10, 0
14, 0
16, 0
22, 1
25, 1
27, 1
30, 1
33, 2
36, 2
39, 3
40, 3
42, 3
46, 3
47, 4
49, 4
51, 4
53, 5
55, 5
57, 5
59, 6
62, 6
63, 7
67, 7
70, 8
71, 8
73, 9
75, 9
77, 10
79, 10
81, 10
83, 11
85, 11
88, 12
89, 12
91, 13
93, 13
96, 14
98, 14
100, 15
102, 15
104, 16
106, 16
108, 17
111, 17
112, 18
114, 18
117, 19
118, 19
120, 20
122, 20
125, 21
127, 22
129, 22
132, 23
133, 23
135, 23
137, 24
140, 25
141, 25
143, 25
146, 26
148, 27
150, 27
152, 28
154, 29
156, 29
158, 29
160, 30
163, 31
165, 31
167, 32
170, 33
172, 33
175, 34
176, 34
178, 35
180, 35
182, 36
184, 36
186, 37
188, 37
190, 38
192, 39
194, 39
196, 40
198, 40
200, 41
202, 41
204, 42
208, 43
210, 43
213, 44
214, 44
216, 45
218, 45
220, 46
222, 47
224, 47
226, 48
228, 48
231, 49
232, 49
234, 50
237, 50
238, 51
240, 51
242, 52
244, 52
246, 53
248, 53
250, 54
252, 54
254, 55
256, 55
258, 56
260, 57
262, 57
264, 58
266, 58
269, 59
270, 59
272, 60
275, 61
276, 61
278, 61
280, 62
283, 63
285, 63
287, 64
289, 65
291, 65
293, 66
295, 66
298, 67
299, 67
304, 68
306, 69
307, 69
309, 70
311, 71
314, 71
315, 71
317, 72
319, 73
321, 73
323, 73
325, 74
327, 75
331, 76
334, 76
336, 77
338, 77
341, 78
342, 79
344, 79
346, 80
349, 80
350, 81
352, 81
355, 82
356, 82
358, 83
360, 83
363, 84
364, 85
366, 85
368, 86
370, 86
372, 87
374, 87
377, 88
378, 88
380, 89
382, 89
384, 90
387, 91
389, 91
391, 92
393, 92
395, 93
397, 93
400, 94
401, 94
403, 95
405, 95
408, 96
409, 96
411, 97
413, 97
416, 98
418, 99
420, 99
423, 100
424, 100
427, 101
428, 101
430, 102
432, 103
435, 103
436, 103
438, 104
441, 105
442, 105
444, 106
447, 107
449, 107
452, 108
453, 108
455, 109
457, 109
461, 111
463, 111
465, 111
468, 112
470, 113
472, 113
474, 114
476, 114
479, 115
480, 115
482, 116
484, 117
487, 117
490, 118
492, 119
494, 119
497, 120
498, 120
501, 121
503, 121
506, 122
507, 123
509, 123
511, 123
513, 124
515, 125
517, 125
519, 126
521, 126
523, 127
525, 127
527, 128
529, 128
532, 129
533, 129
535, 130
537, 131
540, 131
541, 132
543, 132
545, 133
547, 133
549, 134
551, 134
553, 135
555, 135
557, 136
559, 137
562, 137
563, 137
565, 138
568, 139
570, 139
572, 140
575, 141
576, 141
578, 142
580, 142
582, 143
584, 143
586, 144
589, 144
591, 145
593, 145
595, 146
597, 146
599, 147
601, 147
603, 148
605, 149
608, 149
610, 150
613, 151
614, 151
616, 151
619, 152
621, 153
624, 154
625, 154
627, 155
629, 155
631, 156
633, 156
635, 157
637, 157
642, 159
644, 159
646, 160
648, 160
650, 161
652, 161
656, 163
658, 163
661, 164
662, 164
664, 165
666, 165
668, 166
670, 166
672, 167
674, 167
677, 168
678, 168
680, 169
682, 169
684, 170
686, 170
689, 171
690, 171
692, 172
694, 172
696, 173
698, 173
700, 174
702, 175
704, 175
706, 176
709, 176
711, 177
713, 178
716, 178
718, 179
720, 179
723, 180
724, 181
726, 181
729, 182
732, 183
733, 183
735, 183
737, 184
739, 185
741, 185
743, 186
745, 186
747, 187
749, 187
752, 188
753, 188
755, 189
757, 189
759, 190
761, 190
763, 191
766, 191
767, 192
770, 193
771, 193
773, 193
775, 194
778, 195
779, 195
781, 195
783, 196
785, 197
787, 197
790, 198
793, 199
797, 200
798, 200
800, 201
802, 201
804, 202
806, 202
808, 203
811, 203
812, 204
814, 204
817, 205
821, 206
823, 207
826, 207
827, 208
829, 208
831, 209
834, 209
835, 210
837, 211
839, 211
841, 211
843, 212
845, 213
848, 213
849, 214
852, 214
854, 215
855, 215
857, 216
860, 216
861, 217
863, 217
865, 218
868, 218
869, 219
872, 219
873, 220
875, 220
877, 221
879, 221
881, 222
883, 223
886, 223
888, 224
889, 224
892, 225
895, 226
898, 226
900, 227
902, 227
904, 228
906, 229
908, 229
911, 230
913, 231
916, 231
918, 232
920, 232
922, 233
924, 233
926, 234
928, 234
931, 235
934, 236
935, 236
938, 237
939, 237
941, 238
943, 238
948, 239
949, 240
951, 240
953, 241
955, 241
957, 242
959, 242
961, 243
963, 243
967, 244
968, 245
970, 245
973, 246
975, 246
976, 247
978, 247
986, 249
988, 250
990, 251
993, 251
995, 252
999, 253
1000, 253
1002, 254
1005, 255
1007, 255
1009, 255
1012, 256
1013, 257
1015, 257
1017, 258
1020, 258
1021, 259
1024, 259
1026, 260
1028, 261
1030, 261
1033, 262
1034, 262
1036, 263
1039, 263
1040, 263
1042, 264
1044, 265
1047, 265
1048, 265
1050, 266
1052, 267
1055, 267
1056, 268
1058, 268
1060, 269
1062, 269
1064, 270
1066, 270
1068, 271
1070, 271
1072, 272
1075, 273
1076, 273
1078, 273
1080, 274
1083, 275
1084, 275
1086, 275
1088, 276
1091, 277
1092, 277
1094, 278
1096, 278
1098, 279
1100, 279
1102, 280
1104, 281
1107, 281
1108, 281
1110, 282
1113, 283
1115, 283
1117, 284
1119, 284
1122, 285
1124, 286
1126, 286
1128, 287
1130, 287
1133, 288
1134, 288
1136, 289
1138, 289
1140, 290
1142, 290
1144, 291
1146, 291
1149, 292
1150, 292
1153, 293
1155, 293
1157, 294
1160, 295
1161, 295
1163, 296
1165, 296
1167, 297
1171, 298
1172, 298
1174, 299
1176, 299
1178, 300
1180, 300
1182, 301
1184, 301
1187, 302
1188, 302
1190, 303
1192, 303
1194, 304
1196, 305
1198, 305
1200, 306
1203, 306
1204, 307
1206, 307
1208, 308
1210, 308
1212, 309
1215, 309
1216, 310
1218, 310
1220, 311
1222, 311
1225, 312
1226, 312
1228, 313
1230, 313
1233, 314
1236, 315
1238, 315
1239, 316
1241, 316
1243, 317
1245, 317
1247, 318
1249, 318
1251, 319
1254, 320
1255, 320
1257, 321
1259, 321
1261, 322
1263, 322
1265, 323
1267, 323
1269, 324
1271, 324
1273, 325
1275, 325
1277, 326
1279, 327
1281, 327
1284, 328
1285, 328
1287, 329
1289, 329
1291, 330
1293, 330
1295, 331
1297, 331
1299, 332
1301, 332
1304, 333
1305, 333
1307, 334
1310, 334
1311, 335
1313, 335
1316, 336
1318, 337
1320, 337
1323, 338
1324, 338
1326, 339
1328, 339
1330, 340
1333, 340
1334, 341
1336, 341
1338, 342
1341, 343
1344, 343
1347, 344
1351, 345
1353, 346
1355, 346
1357, 347
1359, 347
1361, 348
1363, 349
1365, 349
1367, 350
1372, 351
1373, 351
1375, 352
1377, 352
1379, 353
1381, 353
1383, 354
1386, 355
1387, 355
1389, 355
1391, 356
1393, 357
1395, 357
1397, 357
1399, 358
1403, 359
1404, 359
1406, 360
1408, 360
1411, 361
1412, 361
1414, 362
1416, 363
1418, 363
1420, 363
1423, 364
1425, 365
1427, 365
1429, 366
1431, 366
1433, 367
1435, 367
1437, 368
1439, 369
1442, 369
1444, 370
1447, 371
1449, 371
1450, 371
1452, 372
1455, 373
1456, 373
1458, 373
1460, 374
1462, 375
1464, 375
1466, 376
1468, 376
1470, 377
1472, 377
1474, 378
1477, 378
1478, 379
1480, 379
1482, 380
1485, 381
1486, 381
1488, 381
1490, 382
1492, 383
1494, 383
1496, 383
1498, 384
1500, 385
1502, 385
1504, 385
1506, 386
1508, 387
1510, 387
1512, 387
1514, 388
1516, 389
1519, 389
1520, 389
1523, 390
1524, 391
1526, 391
1528, 392
1531, 392
1532, 393
1534, 393
1536, 394
1538, 394
1540, 395
1542, 395
1544, 396
1546, 396
1548, 397
1550, 397
1553, 398
1554, 399
1556, 399
1558, 400
1561, 400
1562, 401
1564, 401
1566, 402
1568, 402
1570, 403
1572, 403
1574, 404
1576, 404
1578, 405
1580, 405
1582, 406
1584, 406
1586, 407
1588, 407
1591, 408
1592, 408
1594, 409
1596, 409
1599, 410
1600, 410
1602, 411
1604, 411
1606, 412
1608, 412
1610, 413
1613, 413
1614, 414
1616, 414
1618, 415
1620, 416
1622, 416
1625, 417
1626, 417
1628, 418
1630, 418
1633, 419
1634, 419
1636, 420
1638, 420
1641, 421
1644, 422
1646, 422
1648, 423
1650, 423
1653, 424
1654, 424
1656, 425
1658, 425
1660, 426
1662, 427
1665, 427
1666, 427
1668, 428
1670, 429
1672, 429
1674, 429
1676, 430
1678, 431
1680, 431
1682, 431
1685, 432
1687, 433
1690, 433
1691, 434
1693, 434
1695, 435
1697, 435
1699, 436
1701, 436
1704, 437
1706, 438
1708, 438
1710, 439
1712, 439
1714, 440
1716, 440
1718, 441
1720, 441
1722, 442
1724, 443
1726, 443
1729, 444
1730, 444
1732, 445
1735, 445
1736, 446
1738, 446
1740, 447
1743, 448
1745, 448
1747, 449
1749, 449
1751, 449
1753, 450
1755, 451
1757, 451
1759, 451
1764, 453
1766, 453
1768, 454
1770, 454
1772, 455
1774, 455
1776, 456
1778, 457
1780, 457
1782, 457
1785, 458
1786, 459
1788, 459
1790, 460
1793, 460
1794, 461
1796, 461
1798, 462
1800, 462
1802, 463
1805, 463
1806, 464
1808, 464
1810, 465
1812, 465
1814, 466
1817, 467
1818, 467
1820, 467
1822, 468
1825, 469
1826, 469
1828, 470
1830, 470
1832, 471
1834, 471
1836, 472
1839, 472
1840, 473
1842, 473
1845, 474
1848, 475
1850, 475
1851, 476
1853, 476
1860, 478
1861, 478
1863, 479
1865, 479
1868, 480
1869, 480
1871, 481
1873, 481
1876, 482
1877, 482
1879, 483
1881, 483
1884, 484
1885, 484
1887, 485
1890, 485
1891, 486
1893, 487
1895, 487
1897, 488
1899, 488
1901, 489
1903, 489
1906, 490
1907, 490
1909, 491
1911, 491
1913, 492
1916, 493
1917, 493
1919, 493
1922, 494
1923, 495
1926, 495
1927, 495
1929, 496
1931, 497
1933, 497
1935, 498
1937, 498
1939, 499
1941, 499
1943, 500
1946, 501
1948, 501
1951, 502
1952, 502
1954, 503
1957, 503
1959, 504
1960, 504
1962, 505
1964, 505
1967, 506
1969, 507
1973, 507
1975, 508
1977, 509
1979, 509
1981, 509
1983, 510
1985, 511
1988, 511
1993, 513
1995, 513
1998, 514
2000, 515
2002, 515
2005, 516
2007, 517
2008, 517
2011, 518
2012, 518
2014, 519
2017, 519
2018, 519
2020, 520
2022, 521
2024, 521
2026, 522
2030, 523
2033, 523
2034, 524
2036, 524
2038, 525
2041, 525
2042, 526
2044, 526
2047, 527
2049, 528
2051, 528
2053, 529
2055, 529
2057, 530
2059, 530
2061, 531
2063, 531
2065, 532
2068, 533
2070, 533
2072, 533
2074, 534
2076, 535
2078, 535
2080, 535
2082, 536
2084, 537
2086, 537
2088, 538
2090, 538
2093, 539
2094, 539
2096, 540
2098, 541
2100, 541
2102, 541
2104, 542
2106, 543
2109, 543
2110, 543
2112, 544
2115, 545
2117, 545
2118, 546
2120, 546
2122, 547
2124, 547
2126, 548
2129, 548
2130, 549
2132, 549
2134, 550
2136, 550
2138, 551
2140, 551
2142, 552
2146, 553
2147, 553
2149, 553
2151, 554
2155, 555
2157, 555
2158, 556
2160, 556
2163, 557
2164, 557
2166, 558
2170, 559
2171, 559
2173, 560
2175, 560
2178, 561
2179, 561
2181, 562
2183, 563
2186, 563
2188, 564
2190, 564
2192, 565
2194, 565
2196, 566
2198, 566
2200, 567
2203, 567
2204, 568
2206, 568
2208, 569
2210, 569
2212, 570
2214, 570
2216, 571
2218, 572
2222, 573
2224, 573
2226, 574
2228, 574
2230, 575
2233, 575
2234, 576
2236, 576
2239, 577
2241, 577
2243, 578
2245, 578
2248, 579
2251, 580
2252, 580
2255, 581
2257, 581
2259, 582
2261, 582
2263, 583
2265, 583
2267, 584
2270, 585
2271, 585
2273, 586
2275, 586
2277, 587
2279, 587
2281, 588
2283, 588
2285, 589
2287, 589
2290, 590
2292, 591
2294, 591
2296, 592
2298, 592
2300, 593
2302, 593
2304, 594
2306, 594
2309, 595
2310, 595
2312, 596
2314, 596
2316, 597
2318, 597
2320, 598
2322, 598
2324, 599
2326, 599
2328, 600
2330, 600
2332, 601
2334, 601
2336, 602
2338, 602
2340, 603
2342, 603
2344, 604
2346, 604
2349, 605
2351, 606
2353, 606
2355, 607
2357, 607
2359, 608
2361, 608
2364, 609
2365, 609
2367, 610
2369, 610
2371, 611
2373, 611
2375, 612
2377, 613
2380, 613
2381, 613
2383, 614
2385, 615
2388, 615
2390, 616
2391, 616
2394, 617
2395, 617
2397, 618
2399, 618
2401, 619
2403, 619
2405, 620
2407, 620
2410, 621
2414, 622
2416, 623
2418, 623
2420, 623
2422, 624
2424, 625
2426, 625
2428, 625
2431, 626
2433, 627
2435, 627
2438, 628
2439, 628
2441, 629
2443, 629
2446, 630
2447, 630
2449, 631
2451, 631
2453, 632
2455, 633
2457, 633
2459, 634
2461, 634
2463, 635
2465, 635
2467, 636
2470, 637
2473, 637
2475, 638
2476, 638
2478, 639
2481, 639
2482, 639
2484, 640
2486, 641
2488, 641
2491, 642
2493, 643
2495, 643
2497, 643
2499, 644
2501, 645
2503, 645
2505, 645
2507, 646
2509, 647
2512, 647
2513, 647
2515, 648
2517, 649
2519, 649
2521, 649
2523, 650
2525, 651
2527, 651
2529, 652
2532, 652
2534, 653
2535, 653
2537, 654
2539, 654
2542, 655
2543, 655
2547, 656
2550, 657
2552, 658
2554, 658
2556, 659
2558, 659
2560, 660
2562, 660
2564, 661
2566, 661
2568, 662
2571, 663
2573, 663
2576, 664
2577, 664
2579, 665
2581, 665
2584, 666
2585, 666
2587, 667
2589, 667
2591, 668
2593, 668
2595, 669
2597, 669
2599, 670
2601, 670
2603, 671
2605, 671
2607, 672
2609, 672
2611, 673
2613, 673
2615, 674
2617, 675
2619, 675
2621, 675
2624, 676
2625, 677
2627, 677
2629, 678
2631, 678
2634, 679
2635, 679
2637, 680
2639, 680
2641, 681
2643, 681
2645, 682
2647, 682
2649, 683
2652, 684
2653, 684
2655, 685
2657, 685
2660, 686
2662, 686
2663, 687
2665, 687
2667, 688
2669, 688
2671, 689
2673, 689
2675, 690
2677, 691
2679, 691
2681, 691
2683, 692
2686, 693
2687, 693
2689, 693
2692, 694
2694, 695
2696, 695
2698, 696
2700, 696
2703, 697
2706, 698
2707, 698
2709, 698
2712, 699
2714, 700
2716, 700
2718, 701
2723, 702
2725, 703
2728, 703
2729, 704
2731, 704
2734, 705
2735, 705
2740, 707
2741, 707
2743, 707
2745, 708
2748, 709
2750, 709
2751, 709
2754, 710
2755, 711
2757, 711
2760, 712
2762, 713
2764, 713
2766, 713
2768, 714
2770, 715
2773, 715
2774, 715
2776, 716
2778, 717
2781, 717
2782, 717
2784, 718
2786, 719
2788, 719
2790, 719
2792, 720
2794, 721
2796, 721
2798, 722
2800, 722
2806, 724
2809, 724
2811, 725
2814, 726
2816, 726
2818, 727
2821, 727
2822, 728
2824, 728
2826, 729
2828, 729
2830, 730
2832, 730
2835, 731
2836, 731
2838, 732
2840, 733
2843, 733
2844, 733
2846, 734
2848, 735
2851, 735
2852, 735
2854, 736
2856, 737
2858, 737
2860, 737
2863, 738
2865, 739
2868, 739
2870, 740
2871, 740
2873, 741
2875, 741
2877, 742
2879, 742
2882, 743
2884, 744
2886, 744
2888, 745
2890, 745
2892, 746
2894, 746
2897, 747
2898, 747
2900, 748
2902, 748
2905, 749
2906, 749
2908, 750
2910, 750
2912, 751
2914, 751
2916, 752
2918, 752
2920, 753
2922, 753
2924, 754
2927, 755
2928, 755
2930, 755
2932, 756
2935, 757
2936, 757
2939, 758
2941, 758
2944, 759
2945, 759
2947, 760
2949, 761
2952, 761
2953, 761
2955, 762
2957, 763
2959, 763
2963, 764
2964, 764
2967, 765
2969, 766
2972, 766
2974, 767
2976, 767
2978, 768
2980, 768
2982, 769
2984, 769
2986, 770
2994, 772
2995, 772
2998, 773
3001, 774
3003, 774
3006, 775
3007, 775
3010, 776
3012, 777
3015, 777
3017, 778
3018, 778
3020, 779
3022, 779
3024, 779
3026, 780
3028, 781
3030, 781
3032, 782
3034, 782
3036, 783
3041, 784
3043, 785
3046, 785
3047, 785
3049, 786
3051, 787
3053, 787
3055, 788
3057, 788
3059, 789
3061, 789
3063, 790
3065, 790
3067, 791
3069, 791
3071, 792
3073, 792
3075, 793
3077, 793
3080, 794
3081, 794
3083, 795
3085, 795
3087, 796
3089, 796
3092, 797
3093, 797
3095, 798
3097, 799
3099, 799
3101, 799
3104, 800
3105, 800
3107, 801
3110, 802
3111, 802
3113, 803
3115, 803
3118, 804
3119, 804
3121, 805
3124, 805
3125, 806
3127, 806
3129, 807
3132, 807
3133, 808
3135, 808
3137, 809
3140, 809
3141, 810
3143, 810
3145, 811
3147, 811
3149, 812
3151, 812
3153, 813
3155, 813
3157, 814
3159, 815
3161, 815
3164, 816
3166, 816
3170, 817
3171, 817
3173, 818
3176, 819
3177, 819
3179, 819
3181, 820
3184, 821
3187, 821
3188, 822
3190, 823
3192, 823
3195, 824
3196, 824
3198, 825
3200, 825
3202, 825
3205, 826
3206, 827
3208, 827
3210, 828
3212, 828
3215, 829
3216, 829
3218, 830
3220, 831
3223, 831
3225, 831
3226, 832
3228, 833
3230, 833
3232, 833
3234, 834
3236, 835
3239, 835
3240, 835
3242, 836
3245, 837
3247, 837
3249, 838
3251, 838
3253, 839
3255, 839
3258, 840
3259, 840
3261, 841
3263, 841
3266, 842
3267, 842
3269, 843
3271, 844
3273, 844
3275, 845
3279, 846
3281, 846
3283, 847
3285, 847
3287, 848
3289, 848
3291, 849
3293, 849
3295, 850
3297, 850
3300, 851
3301, 851
3303, 852
3305, 852
3307, 853
3309, 853
3311, 854
3313, 855
3319, 856
3320, 856
3322, 857
3325, 858
3328, 858
3329, 859
3331, 859
3333, 860
3335, 860
3338, 861
3339, 861
3341, 862
3343, 862
3345, 863
3348, 863
3349, 864
3351, 864
3353, 865
3355, 865
3357, 866
3359, 866
3361, 867
3363, 867
3366, 868
3367, 868
3369, 869
3371, 869
3373, 870
3375, 870
3377, 871
3379, 871
3382, 872
3383, 872
3386, 873
3388, 874
3390, 874
3392, 875
3394, 875
3396, 876
3398, 876
3401, 877
3402, 877
3404, 878
3407, 879
3409, 879
3411, 880
3413, 880
3415, 881
3417, 881
3419, 882
3422, 883
3423, 883
3425, 883
3427, 884
3429, 884
3431, 885
3433, 885
3436, 886
3437, 886
3439, 887
3441, 887
3444, 888
3446, 889
3449, 889
3450, 890
3452, 890
3454, 891
3456, 891
3458, 892
3460, 892
3464, 893
3467, 894
3468, 894
3470, 895
3472, 895
3474, 896
3476, 896
3478, 897
3480, 897
3482, 898
3484, 898
3487, 899
3491, 900
3493, 901
3495, 901
3497, 902
3499, 902
3501, 903
3504, 903
3505, 904
3509, 905
3510, 905
3512, 905
3514, 906
3516, 907
3518, 907
3520, 908
3522, 908
3524, 909
3526, 909
3528, 910
3530, 910
3533, 911
3534, 911
3536, 912
3538, 912
3540, 913
3542, 913
3544, 914
3547, 914
3549, 915
3551, 915
3554, 916
3555, 916
3557, 917
3559, 917
3561, 918
3563, 918
3565, 919
3567, 919
3569, 920
3571, 921
3573, 921
3575, 922
3577, 922
3580, 923
3581, 923
3583, 924
3585, 924
3588, 925
3589, 925
3591, 926
3594, 927
3595, 927
3597, 927
3599, 928
3601, 929
3603, 929
3605, 929
3608, 930
3609, 930
3613, 931
3615, 932
3617, 933
3619, 933
3621, 933
3623, 934
3625, 935
3628, 935
3630, 936
3633, 936
3634, 937
3636, 937
3638, 938
3641, 938
3642, 939
3644, 939
3646, 940
3648, 940
3650, 941
3653, 941
3655, 942
3656, 942
3658, 943
3661, 943
3663, 944
3664, 944
3666, 945
3668, 945
3670, 946
3673, 947
3674, 947
3676, 947
3678, 948
3680, 949
3682, 949
3684, 950
3686, 950
3688, 951
3690, 951
3692, 952
3694, 952
3696, 953
3698, 953
3701, 954
3702, 954
3704, 955
3706, 955
3708, 956
3710, 956
3712, 957
3714, 957
3716, 958
3719, 959
3720, 959
3722, 959
3724, 960
3727, 961
3728, 961
3730, 961
3732, 962
3734, 963
3736, 963
3738, 963
3740, 964
3742, 965
3744, 965
3746, 965
3749, 966
3751, 967
3753, 967
3755, 968
3757, 968
3759, 969
3761, 969
3764, 970
3765, 970
3767, 971
3770, 972
3771, 972
3773, 973
3775, 973
3778, 974
3779, 974
3781, 975
3783, 975
3786, 976
3787, 976
3789, 977
3791, 977
3793, 978
3795, 978
3797, 979
3799, 979
3801, 980
3803, 980
3807, 981
3810, 982
3811, 982
3813, 983
3815, 983
3817, 984
3819, 985
3821, 985
3823, 985
3825, 986
3827, 987
3830, 987
3834, 988
3836, 989
3839, 989
3840, 990
3842, 990
3844, 991
3847, 991
3848, 992
3851, 993
3853, 993
3855, 994
3858, 995
3859, 995
3861, 995
3863, 996
3866, 997
3867, 997
3870, 998
3871, 998
3873, 999
3875, 999
3877, 999
3879, 1000
3881, 1001
3883, 1001
3886, 1002
3887, 1002
3889, 1003
3891, 1003
3893, 1004
3895, 1004
3897, 1005
3899, 1005
3902, 1006
3903, 1006
3905, 1007
3907, 1007
3910, 1008
3912, 1009
3915, 1009
3917, 1010
3919, 1010
3921, 1011
3923, 1011
3925, 1012
3927, 1013
3930, 1013
3932, 1014
3934, 1014
3936, 1015
3938, 1015
3941, 1016
3943, 1017
3945, 1017
3948, 1018
3949, 1018
3951, 1019
3953, 1019
3955, 1020
3957, 1020
3959, 1021
3962, 1021
3963, 1022
3965, 1023
3968, 1023
3969, 1023
3972, 1024
3973, 1025
3975, 1025
3977, 1026
3979, 1026
3983, 1027
3985, 1028
3988, 1028
3989, 1029
3992, 1029
3994, 1030
4003, 1032
4007, 1033
4008, 1033
4011, 1034
4012, 1035
4014, 1035
4016, 1035
4018, 1036
4021, 1037
4022, 1037
4024, 1038
4026, 1038
4029, 1039
4030, 1039
4032, 1040
4034, 1040
4038, 1041
4040, 1042
4042, 1042
4044, 1043
4046, 1043
4048, 1044
4050, 1044
4052, 1045
4054, 1045
4056, 1046
4058, 1046
4061, 1047
4062, 1047
4064, 1048
4066, 1049
4068, 1049
4072, 1050
4075, 1051
4076, 1051
4078, 1051
4080, 1052
4083, 1053
4084, 1053
4086, 1054
4088, 1054
4092, 1055
4094, 1056
4095, 1056
4097, 1056
4100, 1057
4101, 1057
4103, 1058
4105, 1059
4108, 1059
4111, 1060
4113, 1060
4115, 1061
4117, 1061
4119, 1062
4121, 1063
4124, 1063
4125, 1063
4129, 1065
4132, 1065
4133, 1065
4135, 1066
4137, 1067
4139, 1067
4141, 1068
4143, 1068
4145, 1069
4148, 1069
4149, 1070
4151, 1070
4153, 1071
4155, 1071
4157, 1072
4159, 1072
4162, 1073
4163, 1073
4165, 1074
4167, 1074
4172, 1076
4174, 1076
4176, 1077
4178, 1077
4180, 1078
4182, 1078
4184, 1079
4186, 1079
4189, 1080
4190, 1080
4192, 1081
4194, 1081
4196, 1082
4198, 1082
4200, 1083
4202, 1083
4204, 1084
4206, 1084
4209, 1085
4210, 1085
4213, 1086
4214, 1086
4216, 1087
4218, 1087
4220, 1088
4222, 1088
4224, 1089
4226, 1089
4228, 1090
4231, 1091
4233, 1091
4234, 1091
4236, 1092
4238, 1093
4241, 1093
4242, 1093
4244, 1094
4246, 1095
4248, 1095
4250, 1095
4253, 1096
4254, 1097
4256, 1097
4259, 1098
4262, 1099
4264, 1099
4265, 1099
4267, 1100
4269, 1101
4272, 1101
4274, 1102
4276, 1102
4279, 1103
4281, 1103
4284, 1104
4285, 1104
4287, 1105
4289, 1105
4291, 1106
4293, 1106
4295, 1107
4300, 1108
4301, 1108
4303, 1109
4305, 1109
4307, 1110
4309, 1111
4311, 1111
4313, 1111
4315, 1112
4318, 1113
4320, 1113
4321, 1113
4323, 1114
4325, 1115
4327, 1115
4329, 1116
4331, 1116
4333, 1117
4335, 1117
4337, 1118
4339, 1118
4341, 1119
4344, 1120
4346, 1120
4348, 1121
4350, 1121
4352, 1122
4354, 1122
4356, 1123
4358, 1123
4360, 1124
4363, 1125
4365, 1125
4368, 1126
4369, 1126
4371, 1127
4373, 1127
4375, 1127
4377, 1128
4379, 1129
4381, 1129
4383, 1129
4385, 1130
4387, 1131
4390, 1131
4391, 1131
4393, 1132
4395, 1133
4397, 1133
4399, 1134
4401, 1134
4404, 1135
4406, 1135
4409, 1136
4410, 1136
4412, 1137
4414, 1138
4416, 1138
4418, 1139
4420, 1139
4422, 1140
4424, 1140
4427, 1141
4428, 1141
4430, 1142
4432, 1142
4434, 1143
4436, 1143
4438, 1144
4440, 1144
4442, 1145
4449, 1147
4452, 1147
4454, 1148
4455, 1148
4457, 1149
4459, 1149
4461, 1150
4463, 1150
4465, 1151
4467, 1151
4469, 1152
4471, 1152
4473, 1153
4475, 1153
4478, 1154
4479, 1154
4483, 1155
4485, 1156
4487, 1156
4489, 1157
4491, 1157
4493, 1158
4495, 1159
4497, 1159
4499, 1159
4501, 1160
4503, 1161
4505, 1161
4507, 1162
4511, 1163
4513, 1163
4515, 1164
4517, 1164
4519, 1165
4521, 1165
4524, 1166
4525, 1166
4527, 1167
4529, 1167
4532, 1168
4533, 1169
4535, 1169
4537, 1170
4539, 1170
4542, 1171
4543, 1171
4545, 1172
4547, 1172
4549, 1173
4551, 1173
4553, 1174
4555, 1174
4557, 1175
4560, 1175
4561, 1176
4563, 1176
4565, 1177
4568, 1177
4569, 1178
4571, 1178
4573, 1179
4575, 1179
4577, 1180
4579, 1180
4581, 1181
4583, 1181
4585, 1182
4588, 1183
4589, 1183
4591, 1183
4593, 1184
4595, 1184
4597, 1185
4599, 1186
4601, 1186
4603, 1187
4605, 1187
4607, 1188
4609, 1188
4611, 1189
4613, 1189
4615, 1190
4617, 1190
4619, 1191
4621, 1191
4623, 1192
4626, 1193
4628, 1193
4631, 1194
4632, 1194
4634, 1195
4637, 1195
4638, 1196
4641, 1196
4642, 1197
4644, 1197
4646, 1198
4649, 1198
4650, 1199
4652, 1199
4654, 1200
4657, 1200
4660, 1201
4662, 1202
4664, 1202
4666, 1203
4668, 1203
4670, 1204
4673, 1205
4674, 1205
4676, 1205
4678, 1206
4680, 1207
4682, 1207
4684, 1207
4686, 1208
4688, 1209
4691, 1209
4692, 1209
4694, 1210
4696, 1211
4698, 1211
4700, 1212
4702, 1212
4704, 1213
4706, 1213
4708, 1214
4710, 1214
4712, 1215
4714, 1215
4716, 1216
4719, 1216
4720, 1217
4722, 1217
4724, 1218
4726, 1218
4729, 1219
4730, 1219
4732, 1220
4734, 1220
4737, 1221
4738, 1221
4740, 1222
4742, 1222
4744, 1223
4747, 1224
4748, 1224
4750, 1224
4752, 1225
4755, 1225
4756, 1226
4758, 1226
4760, 1227
4762, 1227
4765, 1228
4767, 1229
4769, 1229
4772, 1230
4773, 1230
4775, 1231
4777, 1231
4779, 1232
4781, 1232
4783, 1233
4793, 1235
4794, 1236
4796, 1236
4798, 1237
4801, 1237
4802, 1238
4804, 1238
4807, 1239
4810, 1240
4812, 1240
4814, 1241
4817, 1241
4818, 1242
4820, 1242
4822, 1243
4825, 1244
4827, 1244
4829, 1245
4831, 1245
4833, 1246
4835, 1246
4837, 1247
4839, 1247
4843, 1248
4846, 1249
4847, 1249
4849, 1250
4851, 1250
4853, 1251
4855, 1251
4857, 1252
4859, 1252
4861, 1253
4863, 1253
4865, 1254
4870, 1255
4873, 1256
4874, 1256
4876, 1257
4879, 1257
4880, 1257
4882, 1258
4884, 1259
4886, 1259
4888, 1260
4890, 1260
4892, 1261
4895, 1261
4896, 1262
4898, 1262
4900, 1263
4903, 1263
4904, 1264
4906, 1264
4908, 1265
4910, 1265
4912, 1266
4914, 1266
4916, 1267
4918, 1267
4920, 1268
4922, 1268
4924, 1269
4926, 1269
4928, 1270
4930, 1270
4932, 1271
4934, 1271
4937, 1272
4939, 1273
4941, 1273
4944, 1274
4947, 1275
4948, 1275
4950, 1275
4952, 1276
4954, 1276
4956, 1277
4958, 1277
4960, 1278
4962, 1279
4964, 1279
4967, 1280
4969, 1281
4971, 1281
4973, 1281
4975, 1282
4977, 1283
4979, 1283
4982, 1284
4983, 1284
4985, 1285
4988, 1285
4990, 1286
4992, 1287
4994, 1287
4996, 1287
5008, 1290
