Time, Count
0, 0
3, 0
5, 0
6, 0
8, 0
11, 0
13, 0
14, 0
16, 0
19, 0
21, 1
22, 1
24, 1
27, 2
29, 2
30, 2
32, 2
35, 3
36, 3
39, 4
41, 4
42, 4
45, 5
47, 5
48, 6
51, 6
53, 7
54, 7
56, 8
59, 8
61, 9
62, 9
65, 10
66, 10
68, 11
71, 12
73, 12
74, 13
76, 13
79, 14
81, 14
82, 15
85, 16
87, 16
88, 17
91, 18
93, 18
94, 19
97, 20
99, 20
100, 21
102, 21
105, 22
106, 23
109, 23
111, 24
112, 24
114, 25
117, 26
119, 27
120, 27
123, 28
125, 29
128, 30
130, 31
131, 31
134, 32
136, 33
138, 33
139, 34
141, 35
144, 36
145, 36
148, 37
150, 38
151, 38
153, 39
156, 40
158, 41
159, 41
161, 42
164, 43
166, 44
167, 44
169, 45
172, 46
174, 46
175, 47
177, 48
180, 48
182, 49
183, 50
186, 51
188, 52
189, 52
191, 53
194, 54
196, 54
197, 55
199, 56
202, 56
204, 57
205, 58
207, 59
210, 60
212, 60
213, 61
215, 62
218, 62
220, 63
221, 64
223, 64
226, 66
227, 66
229, 67
232, 68
234, 68
235, 69
237, 70
240, 70
242, 71
243, 72
246, 73
247, 73
250, 74
255, 76
257, 77
258, 77
260, 78
263, 79
265, 80
267, 81
270, 82
272, 82
273, 83
275, 84
278, 84
281, 86
283, 86
284, 87
286, 88
289, 89
290, 89
293, 90
294, 91
297, 92
299, 92
300, 93
302, 94
305, 94
307, 95
308, 96
311, 96
313, 97
314, 98
316, 99
319, 100
321, 100
322, 101
325, 102
327, 102
328, 103
330, 104
333, 105
335, 106
337, 106
338, 107
340, 108
343, 108
345, 109
347, 110
349, 111
350, 111
352, 112
355, 113
357, 114
358, 114
360, 115
363, 116
365, 117
367, 117
369, 118
370, 118
373, 119
375, 120
376, 121
378, 121
381, 122
383, 123
385, 124
386, 124
388, 125
391, 126
393, 127
394, 127
397, 128
399, 129
401, 130
402, 130
404, 131
407, 132
408, 132
410, 133
413, 134
415, 135
416, 135
418, 136
421, 137
423, 138
424, 138
427, 139
428, 140
431, 141
433, 141
434, 142
436, 143
439, 143
441, 144
442, 145
444, 146
447, 146
448, 147
452, 148
454, 149
455, 150
457, 150
460, 151
462, 152
463, 152
465, 153
468, 154
470, 155
472, 156
473, 156
476, 157
478, 158
479, 158
482, 159
485, 160
486, 161
489, 162
490, 162
492, 163
495, 164
497, 165
498, 165
501, 166
503, 167
504, 168
506, 168
509, 169
511, 170
512, 170
514, 171
517, 172
519, 173
520, 173
522, 174
525, 175
527, 176
529, 176
530, 177
533, 178
535, 179
536, 179
538, 180
541, 181
543, 182
544, 182
546, 183
549, 184
550, 184
553, 185
555, 186
556, 187
568, 191
571, 192
572, 192
574, 193
578, 194
580, 195
581, 196
583, 196
586, 197
588, 198
592, 200
595, 200
597, 201
599, 202
600, 203
603, 204
605, 204
607, 205
610, 206
612, 207
614, 208
616, 208
619, 209
621, 210
623, 211
625, 212
628, 213
631, 214
633, 215
636, 215
638, 216
640, 217
641, 218
644, 218
646, 219
651, 221
653, 222
654, 222
657, 223
659, 224
660, 224
662, 225
664, 226
667, 227
669, 228
670, 228
672, 229
675, 230
677, 231
678, 231
681, 232
683, 233
685, 234
686, 234
689, 235
691, 236
692, 236
695, 237
697, 238
698, 238
701, 239
703, 240
705, 241
706, 241
709, 242
711, 243
712, 244
715, 244
717, 245
719, 246
722, 247
724, 248
725, 248
728, 249
731, 251
734, 251
736, 252
737, 253
739, 254
742, 254
744, 255
746, 256
747, 256
750, 257
752, 258
753, 259
755, 259
758, 260
760, 261
762, 262
765, 263
767, 264
769, 264
772, 265
774, 266
775, 266
777, 267
780, 268
782, 269
783, 269
785, 270
788, 271
790, 272
793, 273
796, 274
798, 275
800, 276
801, 276
804, 277
806, 278
807, 278
810, 279
812, 280
813, 280
816, 281
818, 282
820, 283
821, 283
825, 285
828, 286
830, 286
831, 287
834, 288
836, 288
837, 289
839, 290
842, 290
844, 291
846, 292
847, 292
850, 293
851, 294
853, 295
856, 296
858, 296
859, 297
861, 298
864, 298
865, 299
867, 300
870, 301
871, 301
874, 302
876, 303
877, 303
879, 304
882, 305
884, 306
885, 306
888, 307
890, 308
892, 309
893, 309
896, 310
898, 311
900, 312
901, 312
904, 313
906, 314
907, 314
909, 315
911, 316
914, 316
916, 317
917, 318
919, 318
922, 319
924, 320
925, 320
927, 321
930, 322
931, 323
933, 324
936, 324
937, 325
939, 326
941, 326
944, 327
945, 328
947, 328
949, 329
952, 330
954, 331
956, 332
957, 332
960, 333
962, 334
963, 334
965, 335
968, 336
969, 336
971, 337
974, 338
976, 338
978, 339
980, 340
981, 340
984, 341
986, 342
987, 343
989, 344
992, 344
994, 345
996, 346
997, 346
1001, 348
1003, 348
1004, 349
1007, 350
1009, 350
1010, 351
1012, 352
1015, 352
1016, 353
1018, 354
1020, 354
1023, 355
1025, 356
1026, 357
1028, 357
1031, 358
1032, 359
1034, 359
1036, 360
1039, 361
1041, 362
1042, 362
1044, 363
1047, 364
1049, 365
1050, 365
1053, 366
1055, 367
1058, 368
1060, 368
1061, 369
1063, 370
1066, 370
1068, 371
1070, 372
1073, 373
1076, 374
1078, 375
1080, 376
1082, 376
1083, 377
1085, 378
1088, 378
1090, 379
1091, 380
1094, 380
1096, 381
1097, 382
1100, 383
1101, 383
1103, 384
1106, 385
1108, 386
1109, 386
1115, 388
1117, 389
1118, 389
1121, 390
1124, 391
1126, 392
1128, 393
1129, 393
1132, 394
1134, 395
1136, 396
1137, 396
1140, 397
1141, 398
1143, 398
1146, 399
1148, 400
1150, 401
1151, 401
1154, 402
1156, 403
1158, 404
1159, 404
1162, 405
1164, 406
1166, 406
1167, 407
1170, 408
1172, 408
1174, 409
1175, 410
1177, 410
1180, 411
1181, 412
1184, 412
1186, 413
1188, 414
1189, 415
1192, 416
1194, 416
1196, 417
1197, 418
1200, 418
1202, 419
1204, 420
1206, 421
1207, 421
1210, 422
1212, 423
1213, 423
1215, 424
1218, 425
1220, 426
1223, 427
1225, 428
1226, 428
1228, 429
1231, 430
1233, 430
1234, 431
1238, 432
1241, 433
1243, 434
1244, 434
1246, 435
1249, 436
1254, 438
1256, 439
1257, 439
1260, 440
1262, 441
1263, 441
1265, 442
1268, 443
1270, 444
1272, 445
1273, 445
1276, 446
1278, 447
1279, 447
1283, 448
1284, 449
1286, 450
1292, 452
1293, 452
1296, 453
1298, 454
1300, 454
1302, 455
1305, 456
1307, 457
1308, 458
1310, 458
1313, 459
1315, 460
1316, 460
1318, 461
1321, 462
1322, 462
1324, 463
1327, 464
1329, 465
1330, 465
1332, 466
1335, 467
1337, 468
1338, 468
1340, 469
1344, 470
1345, 471
1347, 472
1350, 472
1352, 473
1353, 474
1355, 474
1358, 475
1359, 476
1361, 477
1364, 478
1366, 478
1368, 479
1371, 480
1372, 480
1374, 481
1377, 482
1379, 483
1380, 483
1383, 484
1385, 485
1387, 486
1388, 486
1390, 487
1393, 488
1395, 489
1396, 489
1399, 490
1401, 491
1403, 492
1404, 492
1407, 493
1409, 494
1410, 494
1412, 495
1415, 496
1417, 497
1418, 497
1420, 498
1423, 499
1424, 499
1427, 500
1429, 501
1430, 502
1432, 502
1435, 503
1437, 504
1438, 504
1440, 505
1443, 506
1444, 506
1447, 507
1448, 508
1450, 508
1454, 510
1455, 510
1457, 511
1460, 512
1462, 512
1463, 513
1465, 514
1468, 515
1470, 516
1471, 516
1473, 517
1476, 518
1478, 518
1479, 519
1481, 520
1484, 520
1486, 521
1487, 522
1489, 522
1492, 523
1494, 524
1495, 525
1497, 525
1500, 526
1503, 527
1505, 528
1507, 529
1508, 529
1510, 530
1513, 531
1515, 532
1516, 532
1518, 533
1521, 534
1523, 534
1525, 535
1526, 536
1528, 536
1531, 537
1532, 538
1534, 538
1537, 539
1539, 540
1540, 540
1542, 541
1545, 542
1547, 543
1548, 543
1550, 544
1553, 545
1555, 546
1556, 546
1558, 547
1561, 548
1563, 548
1564, 549
1566, 550
1576, 553
1579, 554
1581, 555
1583, 556
1584, 556
1587, 557
1589, 558
1591, 558
1593, 559
1595, 560
1597, 561
1598, 561
1600, 562
1603, 563
1604, 563
1606, 564
1609, 565
1611, 566
1612, 566
1614, 567
1617, 568
1619, 568
1621, 569
1623, 570
1626, 571
1628, 572
1629, 572
1631, 573
1635, 574
1636, 574
1638, 575
1641, 576
1644, 577
1646, 578
1648, 578
1649, 579
1651, 580
1654, 580
1656, 581
1657, 582
1659, 583
1662, 583
1664, 584
1666, 585
1668, 586
1669, 586
1671, 587
1674, 588
1676, 588
1677, 589
1679, 590
1682, 590
1684, 591
1686, 592
1687, 593
1689, 593
1692, 594
1694, 595
1695, 595
1697, 596
1700, 597
1701, 597
1704, 598
1705, 599
1707, 600
1710, 600
1712, 601
1713, 602
1715, 602
1718, 603
1720, 604
1721, 604
1724, 605
1725, 606
1728, 607
1730, 607
1732, 608
1734, 609
1736, 610
1738, 610
1740, 611
1743, 612
1745, 613
1746, 613
1749, 614
1751, 615
1753, 616
1755, 616
1756, 617
1759, 618
1761, 618
1763, 619
1765, 620
1768, 621
1770, 622
1772, 622
1774, 623
1776, 624
1777, 624
1780, 625
1782, 626
1783, 626
1786, 627
1788, 628
1789, 628
1791, 629
1794, 630
1795, 631
1797, 631
1800, 632
1802, 633
1805, 634
1807, 635
1808, 635
1810, 636
1814, 637
1816, 638
1818, 639
1819, 639
1822, 640
1824, 641
1826, 642
1828, 642
1831, 643
1833, 644
1834, 645
1837, 646
1839, 646
1840, 647
1842, 647
1845, 648
1846, 649
1848, 650
1851, 650
1853, 651
1856, 652
1857, 653
1860, 654
1862, 654
1864, 655
1866, 656
1868, 656
1870, 657
1871, 658
1873, 658
1876, 659
1878, 660
1879, 661
1881, 661
1884, 662
1885, 663
1888, 664
1890, 664
1891, 665
1893, 666
1896, 666
1898, 667
1899, 668
1901, 669
1911, 672
1912, 672
1914, 673
1917, 674
1919, 675
1920, 675
1926, 677
1927, 678
1929, 678
1932, 679
1934, 680
1935, 681
1938, 682
1940, 682
1942, 683
1943, 684
1946, 685
1947, 685
1950, 686
1952, 687
1954, 687
1956, 688
1957, 689
1960, 690
1962, 690
1963, 691
1965, 692
1968, 692
1970, 693
1971, 694
1973, 694
1976, 695
1977, 696
1979, 696
1982, 697
1984, 698
1987, 699
1989, 700
1990, 700
1992, 701
1995, 702
1997, 703
1998, 703
2001, 704
2003, 705
2005, 706
2008, 707
2010, 708
2012, 708
2014, 709
2015, 710
2017, 710
2020, 711
2022, 712
2023, 712
2025, 713
2028, 714
2029, 714
2032, 715
2034, 716
2036, 717
2037, 717
2040, 718
2042, 719
2044, 720
2047, 720
2049, 721
2050, 722
2053, 723
2055, 723
2057, 724
2058, 725
2060, 726
2063, 726
2065, 727
2067, 728
2068, 728
2071, 729
2073, 730
2074, 730
2077, 731
2079, 732
2080, 733
2082, 733
2085, 734
2087, 735
2090, 736
2092, 737
2094, 738
2096, 738
2097, 739
2100, 740
2102, 740
2104, 741
2105, 742
2108, 742
2110, 743
2112, 744
2118, 746
2120, 746
2121, 747
2123, 748
2126, 748
2128, 749
2129, 750
2131, 751
2133, 751
2136, 752
2138, 753
2139, 754
2141, 754
2144, 755
2146, 756
2148, 757
2149, 757
2151, 758
2154, 759
2156, 760
2157, 760
2160, 761
2162, 762
2163, 762
2165, 763
2168, 764
2169, 764
2171, 765
2174, 766
2176, 766
2177, 767
2179, 768
2182, 768
2184, 769
2185, 770
2187, 770
2189, 771
2192, 772
2194, 773
2195, 773
2198, 774
2200, 775
2201, 775
2203, 776
2206, 777
2208, 778
2211, 779
2213, 780
2214, 780
2216, 781
2219, 782
2225, 784
2227, 785
2229, 785
2231, 786
2232, 786
2234, 787
2236, 788
2239, 789
2241, 789
2242, 790
2244, 791
2247, 791
2249, 792
2251, 793
2253, 794
2254, 794
2256, 795
2259, 796
2261, 796
2263, 797
2264, 798
2267, 798
2269, 799
2270, 800
2272, 800
2275, 801
2277, 802
2278, 802
2284, 804
2286, 805
2288, 806
2290, 807
2291, 807
2294, 808
2296, 809
2297, 809
2299, 810
2302, 811
2304, 812
2305, 812
2310, 814
2311, 814
2314, 815
2316, 816
2318, 816
2320, 817
2323, 818
2325, 819
2327, 820
2328, 820
2331, 821
2333, 822
2335, 822
2336, 823
2339, 824
2341, 825
2342, 825
2344, 826
2347, 826
2348, 827
2351, 828
2353, 829
2354, 829
2356, 830
2359, 831
2360, 832
2362, 832
2365, 833
2367, 834
2368, 834
2371, 835
2372, 836
2374, 836
2377, 837
2379, 838
2380, 838
2383, 839
2384, 840
2386, 840
2389, 841
2391, 842
2392, 843
2394, 843
2397, 844
2399, 845
2401, 846
2402, 846
2405, 847
2407, 848
2408, 848
2411, 849
2414, 850
2415, 851
2418, 852
2420, 852
2422, 853
2423, 854
2425, 854
2428, 855
2430, 856
2434, 857
2436, 858
2438, 859
2439, 859
2442, 860
2443, 861
2445, 861
2448, 862
2450, 863
2452, 864
2453, 864
2456, 865
2458, 866
2459, 866
2461, 867
2464, 868
2466, 868
2467, 869
2470, 870
2472, 871
2473, 871
2475, 872
2478, 873
2480, 874
2481, 874
2485, 875
2487, 876
2489, 877
2492, 878
2494, 879
2496, 880
2497, 880
2499, 881
2502, 882
2503, 882
2505, 883
2508, 884
2510, 884
2511, 885
2513, 886
2516, 886
2518, 887
2519, 888
2522, 888
2523, 889
2525, 890
2527, 890
2530, 891
2532, 892
2537, 894
2540, 895
2545, 897
2546, 897
2549, 898
2551, 899
2552, 900
2554, 900
2557, 901
2559, 902
2561, 903
2563, 903
2564, 904
2573, 907
2575, 908
2577, 908
2578, 909
2581, 910
2582, 910
2584, 911
2587, 912
2589, 912
2590, 913
2592, 914
2595, 914
2597, 915
2598, 916
2601, 917
2602, 917
2604, 918
2607, 919
2609, 920
2610, 920
2612, 921
2615, 922
2617, 922
2618, 923
2620, 924
2623, 924
2625, 925
2627, 926
2628, 927
2630, 927
2633, 928
2634, 929
2637, 930
2638, 930
2642, 931
2644, 932
2646, 933
2647, 933
2649, 934
2652, 935
2654, 936
2656, 936
2658, 937
2659, 938
2662, 938
2664, 939
2665, 940
2667, 940
2670, 941
2672, 942
2673, 942
2675, 943
2677, 944
2680, 945
2682, 946
2684, 946
2686, 947
2689, 948
2691, 949
2692, 950
2695, 950
2697, 951
2699, 952
2700, 952
2703, 953
2704, 954
2707, 954
2709, 955
2710, 956
2712, 957
2715, 957
2719, 959
2721, 960
2723, 960
2726, 961
2728, 962
2730, 963
2731, 963
2734, 964
2736, 965
2737, 965
2739, 966
2742, 967
2743, 968
2746, 968
2748, 969
2749, 970
2752, 970
2754, 971
2756, 972
2757, 972
2759, 973
2762, 974
2763, 975
2765, 976
2768, 976
2770, 977
2771, 978
2773, 978
2776, 979
2778, 980
2779, 980
2781, 981
2784, 982
2786, 983
2787, 983
2789, 984
2792, 985
2793, 985
2795, 986
2798, 986
2800, 987
2801, 988
2804, 989
2806, 989
2808, 990
2809, 991
2811, 992
2818, 994
2819, 994
2822, 995
2824, 996
2825, 996
2827, 997
2830, 998
2832, 999
2833, 999
2835, 1000
2838, 1001
2840, 1002
2841, 1002
2844, 1003
2845, 1004
2848, 1004
2850, 1005
2851, 1006
2853, 1006
2855, 1007
2858, 1008
2860, 1009
2861, 1009
2864, 1010
2867, 1011
2869, 1012
2870, 1012
2872, 1013
2875, 1014
2877, 1014
2879, 1015
2880, 1016
2883, 1017
2886, 1018
2888, 1018
2890, 1019
2891, 1020
2893, 1020
2896, 1021
2898, 1022
2899, 1023
2902, 1023
2904, 1024
2905, 1025
2908, 1026
2910, 1026
2912, 1027
2913, 1027
2916, 1028
2918, 1029
2919, 1030
2921, 1030
2924, 1031
2926, 1032
2928, 1032
2929, 1033
2932, 1034
2934, 1034
2936, 1035
2937, 1036
2939, 1036
2942, 1037
2944, 1038
2945, 1038
2947, 1039
2950, 1040
2952, 1041
2953, 1041
2956, 1042
2958, 1043
2960, 1044
2961, 1044
2965, 1046
2967, 1046
2968, 1047
2971, 1048
2973, 1048
2975, 1049
2976, 1050
2978, 1050
2981, 1051
2983, 1052
2985, 1053
2988, 1054
2990, 1054
2991, 1055
2993, 1055
2996, 1056
2998, 1057
3000, 1058
3001, 1058
3003, 1059
3006, 1060
3008, 1060
3009, 1061
3011, 1062
3014, 1063
3015, 1063
3017, 1064
3020, 1065
3022, 1066
3023, 1066
3026, 1067
3028, 1068
3029, 1068
3031, 1069
3034, 1070
3035, 1070
3038, 1071
3040, 1072
3042, 1073
3043, 1073
3045, 1074
3048, 1075
3050, 1075
3051, 1076
3056, 1078
3057, 1078
3059, 1079
3062, 1079
3064, 1080
3066, 1081
3067, 1081
3070, 1082
3072, 1083
3073, 1084
3076, 1084
3078, 1085
3080, 1086
3081, 1086
3083, 1087
3086, 1088
3087, 1088
3090, 1089
3092, 1090
3093, 1091
3095, 1092
3097, 1092
3107, 1095
3109, 1096
3112, 1097
3114, 1098
3116, 1099
3117, 1099
3119, 1100
3122, 1101
3124, 1102
3126, 1102
3127, 1103
3130, 1104
3132, 1104
3133, 1105
3136, 1106
3139, 1107
3141, 1107
3142, 1108
3144, 1109
3147, 1109
3149, 1110
3150, 1111
3152, 1112
3154, 1112
3157, 1113
3159, 1114
3160, 1114
3162, 1115
3165, 1116
3167, 1117
3169, 1118
3170, 1118
3172, 1119
3175, 1120
3177, 1120
3178, 1121
3180, 1122
3183, 1122
3185, 1123
3188, 1124
3190, 1125
3192, 1126
3193, 1126
3196, 1127
3198, 1128
3199, 1128
3201, 1129
3203, 1130
3206, 1130
3207, 1131
3209, 1132
3212, 1132
3214, 1133
3215, 1134
3217, 1134
3219, 1135
3222, 1136
3224, 1137
3225, 1137
3227, 1138
3230, 1139
3232, 1140
3233, 1140
3236, 1141
3238, 1142
3240, 1143
3241, 1143
3243, 1144
3246, 1145
3249, 1146
3251, 1146
3253, 1147
3254, 1148
3257, 1149
3259, 1149
3260, 1150
3263, 1150
3265, 1151
3267, 1152
3270, 1153
3272, 1154
3273, 1154
3275, 1155
3278, 1156
3280, 1156
3282, 1158
3285, 1158
3288, 1159
3290, 1160
3292, 1161
3293, 1162
3295, 1162
3298, 1163
3300, 1164
3302, 1164
3304, 1165
3307, 1166
3309, 1167
3310, 1168
3312, 1168
3315, 1169
3317, 1170
3320, 1171
3321, 1171
3323, 1172
3325, 1173
3328, 1174
3330, 1174
3331, 1175
3333, 1176
3336, 1176
3338, 1177
3339, 1178
3341, 1178
3344, 1179
3346, 1180
3348, 1181
3349, 1181
3352, 1182
3354, 1183
3357, 1184
3359, 1184
3360, 1185
3362, 1186
3365, 1186
3367, 1188
3368, 1188
3371, 1189
3375, 1190
3377, 1191
3378, 1191
3380, 1192
3383, 1193
3385, 1194
3387, 1194
3390, 1195
3392, 1196
3393, 1197
3395, 1197
3398, 1198
3400, 1199
3401, 1199
3403, 1200
3406, 1201
3409, 1202
3411, 1202
3413, 1203
3414, 1204
3416, 1204
3419, 1205
3421, 1206
3422, 1207
3424, 1207
3427, 1208
3428, 1209
3431, 1210
3433, 1210
3434, 1211
3436, 1212
3439, 1212
3441, 1213
3442, 1214
3444, 1214
3447, 1215
3449, 1216
3450, 1216
3452, 1217
3455, 1218
3461, 1220
3462, 1221
3465, 1222
3468, 1222
3469, 1223
3471, 1224
3474, 1224
3476, 1225
3478, 1226
3479, 1226
3481, 1227
3484, 1228
3486, 1228
3488, 1229
3489, 1230
3493, 1231
3495, 1232
3496, 1232
3498, 1233
3501, 1234
3503, 1235
3505, 1235
3508, 1236
3511, 1238
3514, 1238
3516, 1239
3518, 1240
3521, 1241
3523, 1242
3525, 1242
3527, 1243
3529, 1244
3532, 1245
3534, 1245
3536, 1246
3538, 1247
3541, 1248
3543, 1248
3545, 1249
3547, 1250
3548, 1250
3551, 1251
3553, 1252
3555, 1253
3556, 1253
3558, 1254
3562, 1255
3564, 1256
3565, 1256
3568, 1257
3570, 1258
3571, 1258
3573, 1259
3576, 1260
3585, 1263
3587, 1264
3588, 1264
3591, 1265
3594, 1266
3595, 1267
3597, 1268
3599, 1268
3602, 1269
3604, 1270
3606, 1270
3607, 1271
3612, 1272
3614, 1273
3617, 1274
3619, 1275
3621, 1276
3623, 1276
3626, 1277
3628, 1278
3630, 1279
3631, 1279
3634, 1280
3636, 1281
3637, 1281
3640, 1282
3643, 1283
3645, 1284
3647, 1285
3648, 1285
3652, 1286
3654, 1287
3656, 1288
3657, 1288
3659, 1289
3662, 1290
3664, 1290
3665, 1291
3667, 1292
3670, 1293
3672, 1293
3674, 1294
3675, 1294
3678, 1295
3680, 1296
3681, 1296
3683, 1297
3686, 1298
3688, 1299
3691, 1300
3693, 1300
3695, 1301
3697, 1302
3700, 1303
3702, 1304
3704, 1304
3705, 1305
3710, 1306
3713, 1308
3714, 1308
3716, 1309
3719, 1310
3721, 1310
3723, 1311
3724, 1312
3726, 1312
3729, 1313
3731, 1314
3733, 1315
3734, 1315
3736, 1316
3739, 1316
3741, 1317
3743, 1318
3744, 1318
3747, 1319
3749, 1320
3751, 1321
3752, 1321
3755, 1322
3757, 1323
3759, 1324
3760, 1324
3762, 1325
3765, 1326
3767, 1326
3768, 1327
3771, 1328
3772, 1328
3774, 1329
3777, 1330
3779, 1331
3781, 1332
3782, 1332
3785, 1333
3787, 1333
3789, 1334
3791, 1335
3794, 1336
3796, 1337
3797, 1337
3799, 1338
3802, 1339
3804, 1339
3806, 1340
3807, 1341
3810, 1342
3813, 1342
3815, 1343
3817, 1344
3818, 1344
3822, 1346
3824, 1346
3826, 1347
3827, 1348
3829, 1348
3832, 1349
3834, 1350
3836, 1351
3837, 1351
3840, 1352
3841, 1353
3843, 1353
3846, 1354
3848, 1355
3850, 1356
3851, 1356
3854, 1357
3856, 1358
3858, 1359
3859, 1359
3862, 1360
3863, 1360
3865, 1361
3868, 1362
3871, 1363
3873, 1364
3874, 1364
3877, 1365
3882, 1367
3884, 1367
3885, 1368
3889, 1369
3894, 1371
3896, 1372
3897, 1372
3899, 1373
3902, 1374
3904, 1374
3905, 1375
3907, 1376
3910, 1376
3912, 1377
3914, 1378
3915, 1379
3918, 1379
3920, 1380
3922, 1381
3923, 1382
3925, 1382
3928, 1383
3930, 1384
3933, 1385
3935, 1386
3936, 1386
3938, 1387
3941, 1388
3943, 1388
3945, 1389
3949, 1390
3952, 1391
3954, 1392
3956, 1393
3958, 1394
3959, 1394
3962, 1395
3964, 1396
3967, 1397
3970, 1398
3972, 1398
3974, 1399
3976, 1400
3979, 1401
3982, 1402
3984, 1403
3986, 1404
3987, 1404
3989, 1405
3992, 1405
3994, 1406
3996, 1407
3997, 1408
4001, 1409
4004, 1410
4006, 1410
4008, 1411
4009, 1412
4012, 1412
4014, 1413
4016, 1414
4017, 1414
4020, 1415
4025, 1417
4026, 1417
4028, 1418
4031, 1419
4033, 1420
4035, 1420
4037, 1421
4040, 1422
4041, 1423
4044, 1423
4046, 1424
4048, 1425
4049, 1426
4052, 1426
4054, 1427
4056, 1428
4058, 1429
4061, 1429
4063, 1430
4065, 1431
4067, 1432
4070, 1432
4072, 1433
4074, 1434
4077, 1435
4079, 1436
4081, 1436
4083, 1437
4084, 1438
4086, 1438
4089, 1439
4091, 1440
4092, 1440
4096, 1441
4098, 1442
4100, 1443
4102, 1444
4103, 1444
4106, 1445
4108, 1446
4110, 1446
4112, 1447
4116, 1448
4118, 1449
4119, 1450
4123, 1451
4125, 1452
4127, 1452
4128, 1453
4131, 1454
4137, 1456
4140, 1457
4143, 1458
4145, 1459
4147, 1459
4148, 1460
4150, 1460
4152, 1461
4155, 1462
4157, 1463
4158, 1463
4160, 1464
4163, 1465
4165, 1466
4166, 1466
4168, 1467
4171, 1467
4173, 1468
4174, 1469
4176, 1469
4178, 1470
4181, 1471
4183, 1472
4184, 1472
4186, 1473
4188, 1474
4191, 1474
4193, 1475
4194, 1476
4196, 1476
4199, 1477
4201, 1478
4203, 1479
4204, 1479
4206, 1480
4209, 1481
4211, 1482
4212, 1482
4214, 1483
4217, 1484
4219, 1484
4220, 1485
4223, 1486
4224, 1486
4227, 1487
4229, 1488
4231, 1488
4233, 1489
4235, 1490
4236, 1490
4238, 1491
4246, 1493
4248, 1494
4249, 1495
4251, 1495
4257, 1498
4260, 1498
4262, 1499
4264, 1500
4265, 1500
4268, 1501
4270, 1502
4272, 1503
4274, 1503
4275, 1504
4278, 1505
4281, 1506
4284, 1507
4286, 1507
4288, 1508
4289, 1509
4291, 1509
4294, 1510
4296, 1511
4298, 1512
4299, 1512
4302, 1513
4304, 1513
4306, 1514
4308, 1515
4309, 1516
4311, 1516
4318, 1518
4320, 1519
4323, 1520
4325, 1521
4326, 1522
4328, 1522
4331, 1523
4333, 1524
4335, 1525
4337, 1525
4340, 1526
4344, 1528
4348, 1529
4350, 1530
4352, 1531
4353, 1531
4356, 1532
4358, 1533
4360, 1533
4361, 1534
4364, 1535
4365, 1535
4368, 1536
4370, 1537
4372, 1537
4374, 1538
4375, 1538
4379, 1540
4381, 1540
4383, 1541
4385, 1542
4388, 1543
4390, 1544
4392, 1544
4394, 1545
4395, 1546
4398, 1546
4400, 1547
4402, 1548
4405, 1549
4407, 1550
4409, 1550
4410, 1551
4412, 1552
4415, 1553
4417, 1553
4418, 1554
4422, 1555
4426, 1556
4428, 1557
4430, 1558
4432, 1559
4433, 1559
4436, 1560
4438, 1560
4440, 1561
4442, 1562
4445, 1563
4447, 1564
4449, 1564
4450, 1565
4457, 1567
4458, 1568
4460, 1568
4463, 1569
4465, 1570
4469, 1572
4472, 1572
4474, 1573
4476, 1574
4477, 1574
4479, 1575
4482, 1576
4484, 1577
4487, 1578
4489, 1578
4491, 1579
4492, 1580
4494, 1580
4497, 1581
4499, 1582
4501, 1583
4503, 1584
4506, 1584
4507, 1585
4510, 1586
4512, 1586
4515, 1588
4517, 1588
4518, 1589
4522, 1590
4524, 1591
4530, 1593
4532, 1594
4534, 1594
4536, 1595
4538, 1596
4539, 1596
4541, 1597
4544, 1598
4547, 1599
4549, 1600
4551, 1600
4553, 1601
4556, 1602
4558, 1603
4561, 1604
4563, 1605
4564, 1605
4567, 1606
4569, 1607
4571, 1607
4573, 1608
4579, 1610
4586, 1613
4588, 1613
4590, 1614
4591, 1614
4593, 1615
4596, 1616
4598, 1617
4599, 1618
4601, 1618
4604, 1619
4605, 1620
4607, 1620
4609, 1621
4612, 1622
4614, 1623
4615, 1623
4618, 1624
4620, 1625
4621, 1625
4623, 1626
4626, 1627
4627, 1627
4629, 1628
4631, 1629
4634, 1630
4636, 1630
4637, 1631
4639, 1632
4642, 1632
4644, 1633
4645, 1634
4647, 1634
4650, 1635
4652, 1636
4653, 1636
4655, 1637
4658, 1638
4660, 1639
4661, 1639
4663, 1640
4666, 1641
4669, 1642
4671, 1642
4672, 1643
4674, 1644
4677, 1645
4679, 1646
4680, 1646
4683, 1647
4685, 1648
4689, 1649
4692, 1650
4693, 1650
4695, 1651
4697, 1652
4700, 1653
4701, 1653
4703, 1654
4705, 1655
4708, 1655
4709, 1656
4711, 1657
4713, 1657
4716, 1658
4718, 1659
4720, 1660
4721, 1660
4724, 1661
4727, 1662
4729, 1663
4730, 1663
4732, 1664
4735, 1665
4737, 1666
4738, 1666
4740, 1667
4743, 1668
4745, 1668
4747, 1669
4748, 1670
4750, 1670
4753, 1671
4755, 1672
4756, 1672
4759, 1673
4761, 1674
4763, 1675
4764, 1675
4767, 1676
4768, 1676
4770, 1677
4773, 1678
4775, 1679
4776, 1679
4778, 1680
4780, 1681
4783, 1682
4784, 1682
4787, 1683
4788, 1683
4791, 1684
4793, 1685
4795, 1686
4796, 1686
4798, 1687
4801, 1688
4803, 1688
4804, 1689
4806, 1690
4809, 1690
4811, 1691
4813, 1692
4815, 1693
4818, 1694
4820, 1694
4822, 1695
4823, 1696
4825, 1696
4829, 1698
4831, 1698
4833, 1699
4835, 1700
4836, 1700
4839, 1701
4841, 1702
4843, 1702
4844, 1703
4849, 1704
4851, 1705
4852, 1706
4856, 1707
4858, 1708
4859, 1708
4862, 1709
4864, 1710
4866, 1710
4868, 1711
4870, 1712
4873, 1713
4874, 1713
4877, 1714
4880, 1715
4882, 1716
4883, 1716
4885, 1717
4888, 1718
4890, 1719
4892, 1719
4894, 1720
4897, 1721
4899, 1722
4901, 1723
4902, 1723
4904, 1724
4907, 1724
4909, 1725
4910, 1726
4913, 1726
4915, 1727
4917, 1728
4918, 1728
4920, 1729
4923, 1730
4925, 1731
4926, 1731
4929, 1732
4930, 1732
4933, 1733
4935, 1734
4936, 1735
4938, 1735
4941, 1736
4943, 1737
4944, 1738
4946, 1738
4949, 1739
4952, 1740
4954, 1741
4955, 1741
4957, 1742
4959, 1743
4962, 1744
4964, 1744
4966, 1745
4967, 1746
4970, 1746
4971, 1747
4974, 1748
4978, 1749
4979, 1750
4981, 1750
4984, 1751
4989, 1753
4990, 1754
4993, 1754
4995, 1755
4997, 1756
4999, 1757
5002, 1757
