TIME, TACHO_COUNT
0,0
38,2
88,11
114,17
162,30
188,36
238,50
262,56
288,63
352,80
420,98
478,113
546,131
604,147
666,163
712,175
760,188
786,194
838,208
888,221
938,234
1002,251
1058,266
1126,283
1184,298
1250,316
1296,327
1322,334
1372,347
1416,359
1450,368
1498,380
1546,393
1572,399
1640,417
1698,432
1766,450
1824,465
1886,481
1948,496
1992,508
2018,515
2042,521
2070,528
2118,541
2144,547
2192,560
2220,567
2284,584
2340,598
2408,616
2464,630
2530,647
2574,658
2606,667
2654,679
2704,692
2754,705
2802,717
2854,731
2918,748
2974,762
3040,779
3098,794
3162,810
3208,822
3246,832
3292,844
3340,856
3366,863
3416,876
3466,889
3492,895
3522,903
3586,920
3642,934
3710,952
3766,966
3832,983
3878,995
3928,1008
3954,1014
4006,1028
4056,1041
4104,1053
4154,1066
4212,1081
4272,1096
4332,1112
4398,1129
4460,1145
4514,1159
4562,1171
4612,1184
4662,1197
4712,1209
4764,1223
4836,1241
4908,1260
4972,1276
5028,1290
